2.6554e-05
6.7069e-06
1.9386e-06
1.2047e-06
1.2021e-06
1.2079e-06
1.2138e-06
1.2197e-06
1.2256e-06
1.2316e-06
1.2376e-06
1.2436e-06
1.2496e-06
1.2557e-06
1.2618e-06
1.2679e-06
1.274e-06
1.2802e-06
1.2864e-06
1.2926e-06
1.2989e-06
1.3051e-06
1.3115e-06
1.3178e-06
1.3241e-06
1.3305e-06
1.337e-06
1.3434e-06
1.3499e-06
1.3564e-06
1.3629e-06
1.3695e-06
1.376e-06
1.3827e-06
1.3893e-06
1.396e-06
1.4027e-06
1.4094e-06
1.4162e-06
1.4229e-06
1.4298e-06
1.4366e-06
1.4435e-06
1.4504e-06
1.4573e-06
1.4643e-06
1.4713e-06
1.4783e-06
1.4854e-06
1.4924e-06
1.4996e-06
1.5067e-06
1.5139e-06
1.5211e-06
1.5283e-06
1.5356e-06
1.5429e-06
1.5502e-06
1.5576e-06
1.565e-06
1.5724e-06
1.5799e-06
1.5873e-06
1.5949e-06
1.6024e-06
1.61e-06
1.6176e-06
1.6253e-06
1.633e-06
1.6407e-06
1.6484e-06
1.6562e-06
1.664e-06
1.6719e-06
1.6797e-06
1.6876e-06
1.6956e-06
1.7036e-06
1.7116e-06
1.7196e-06
1.7277e-06
1.7358e-06
1.744e-06
1.7522e-06
1.7604e-06
1.7686e-06
1.7769e-06
1.7853e-06
1.7936e-06
1.802e-06
1.8104e-06
1.8189e-06
1.8274e-06
1.8359e-06
1.8445e-06
1.8531e-06
1.8618e-06
1.8704e-06
1.8791e-06
1.8879e-06
1.8967e-06
1.9055e-06
1.9144e-06
1.9233e-06
1.9322e-06
1.9412e-06
1.9502e-06
1.9592e-06
1.9683e-06
1.9775e-06
1.9866e-06
1.9958e-06
2.0051e-06
2.0143e-06
2.0236e-06
2.033e-06
2.0424e-06
2.0518e-06
2.0613e-06
2.0708e-06
2.0804e-06
2.0899e-06
2.0996e-06
2.1092e-06
2.1189e-06
2.1287e-06
2.1385e-06
2.1483e-06
2.1582e-06
2.1681e-06
2.178e-06
2.188e-06
2.1981e-06
2.2081e-06
2.2182e-06
2.2284e-06
2.2386e-06
2.2488e-06
2.2591e-06
2.2694e-06
2.2798e-06
2.2902e-06
2.3007e-06
2.3112e-06
2.3217e-06
2.3323e-06
2.3429e-06
2.3536e-06
2.3643e-06
2.375e-06
2.3858e-06
2.3967e-06
2.4075e-06
2.4185e-06
2.4294e-06
2.4405e-06
2.4515e-06
2.4626e-06
2.4738e-06
2.485e-06
2.4962e-06
2.5075e-06
2.5188e-06
2.5302e-06
2.5416e-06
2.5531e-06
2.5646e-06
2.5762e-06
2.5878e-06
2.5995e-06
2.6112e-06
2.6229e-06
2.6347e-06
2.6466e-06
2.6585e-06
2.6704e-06
2.6824e-06
2.6944e-06
2.7065e-06
2.7187e-06
2.7308e-06
2.7431e-06
2.7553e-06
2.7677e-06
2.7801e-06
2.7925e-06
2.805e-06
2.8175e-06
2.8301e-06
2.8427e-06
2.8554e-06
2.8681e-06
2.8809e-06
2.8937e-06
2.9066e-06
2.9195e-06
2.9325e-06
2.9456e-06
2.9586e-06
2.9718e-06
2.985e-06
2.9982e-06
3.0115e-06
3.0249e-06
3.0383e-06
3.0517e-06
3.0652e-06
3.0788e-06
3.0924e-06
3.1061e-06
3.1198e-06
3.1336e-06
3.1474e-06
3.1613e-06
3.1752e-06
3.1892e-06
3.2033e-06
3.2174e-06
3.2315e-06
3.2457e-06
3.26e-06
3.2743e-06
3.2887e-06
3.3032e-06
3.3177e-06
3.3322e-06
3.3468e-06
3.3615e-06
3.3762e-06
3.391e-06
3.4058e-06
3.4207e-06
3.4357e-06
3.4507e-06
3.4658e-06
3.4809e-06
3.4961e-06
3.5113e-06
3.5267e-06
3.542e-06
3.5575e-06
3.5729e-06
3.5885e-06
3.6041e-06
3.6198e-06
3.6355e-06
3.6513e-06
3.6671e-06
3.683e-06
3.699e-06
3.715e-06
3.7311e-06
3.7473e-06
3.7635e-06
3.7798e-06
3.7961e-06
3.8126e-06
3.829e-06
3.8456e-06
3.8622e-06
3.8788e-06
3.8956e-06
3.9123e-06
3.9292e-06
3.9461e-06
3.9631e-06
3.9801e-06
3.9973e-06
4.0144e-06
4.0317e-06
4.049e-06
4.0664e-06
4.0838e-06
4.1013e-06
4.1189e-06
4.1366e-06
4.1543e-06
4.172e-06
4.1899e-06
4.2078e-06
4.2258e-06
4.2438e-06
4.262e-06
4.2801e-06
4.2984e-06
4.3167e-06
4.3351e-06
4.3536e-06
4.3721e-06
4.3907e-06
4.4094e-06
4.4281e-06
4.447e-06
4.4659e-06
4.4848e-06
4.5038e-06
4.5229e-06
4.5421e-06
4.5614e-06
4.5807e-06
4.6001e-06
4.6195e-06
4.6391e-06
4.6587e-06
4.6784e-06
4.6981e-06
4.718e-06
4.7379e-06
4.7578e-06
4.7779e-06
4.798e-06
4.8182e-06
4.8385e-06
4.8589e-06
4.8793e-06
4.8998e-06
4.9204e-06
4.9411e-06
4.9618e-06
4.9826e-06
5.0035e-06
5.0245e-06
5.0455e-06
5.0667e-06
5.0879e-06
5.1092e-06
5.1305e-06
5.152e-06
5.1735e-06
5.1951e-06
5.2168e-06
5.2385e-06
5.2604e-06
5.2823e-06
5.3043e-06
5.3264e-06
5.3485e-06
5.3708e-06
5.3931e-06
5.4155e-06
5.438e-06
5.4606e-06
5.4833e-06
5.506e-06
5.5288e-06
5.5518e-06
5.5748e-06
5.5978e-06
5.621e-06
5.6443e-06
5.6676e-06
5.691e-06
5.7145e-06
5.7381e-06
5.7618e-06
5.7856e-06
5.8094e-06
5.8333e-06
5.8574e-06
5.8815e-06
5.9057e-06
5.93e-06
5.9543e-06
5.9788e-06
6.0034e-06
6.028e-06
6.0528e-06
6.0776e-06
6.1025e-06
6.1275e-06
6.1526e-06
6.1778e-06
6.2031e-06
6.2284e-06
6.2539e-06
6.2794e-06
6.3051e-06
6.3308e-06
6.3566e-06
6.3826e-06
6.4086e-06
6.4347e-06
6.4609e-06
6.4872e-06
6.5136e-06
6.5401e-06
6.5667e-06
6.5933e-06
6.6201e-06
6.647e-06
6.674e-06
6.701e-06
6.7282e-06
6.7554e-06
6.7828e-06
6.8102e-06
6.8378e-06
6.8655e-06
6.8932e-06
6.921e-06
6.949e-06
6.977e-06
7.0052e-06
7.0334e-06
7.0618e-06
7.0902e-06
7.1188e-06
7.1474e-06
7.1762e-06
7.205e-06
7.234e-06
7.2631e-06
7.2922e-06
7.3215e-06
7.3509e-06
7.3803e-06
7.4099e-06
7.4396e-06
7.4694e-06
7.4993e-06
7.5293e-06
7.5594e-06
7.5896e-06
7.6199e-06
7.6503e-06
7.6809e-06
7.7115e-06
7.7423e-06
7.7731e-06
7.8041e-06
7.8351e-06
7.8663e-06
7.8976e-06
7.929e-06
7.9605e-06
7.9921e-06
8.0239e-06
8.0557e-06
8.0877e-06
8.1197e-06
8.1519e-06
8.1842e-06
8.2166e-06
8.2491e-06
8.2818e-06
8.3145e-06
8.3474e-06
8.3803e-06
8.4134e-06
8.4466e-06
8.4799e-06
8.5134e-06
8.5469e-06
8.5806e-06
8.6144e-06
8.6483e-06
8.6823e-06
8.7164e-06
8.7507e-06
8.785e-06
8.8195e-06
8.8541e-06
8.8888e-06
8.9237e-06
8.9587e-06
8.9938e-06
9.029e-06
9.0643e-06
9.0997e-06
9.1353e-06
9.171e-06
9.2068e-06
9.2428e-06
9.2789e-06
9.315e-06
9.3514e-06
9.3878e-06
9.4244e-06
9.461e-06
9.4979e-06
9.5348e-06
9.5719e-06
9.6091e-06
9.6464e-06
9.6838e-06
9.7214e-06
9.7591e-06
9.7969e-06
9.8349e-06
9.873e-06
9.9112e-06
9.9496e-06
9.9881e-06
1.0027e-05
1.0065e-05
1.0104e-05
1.0143e-05
1.0182e-05
1.0222e-05
1.0261e-05
1.0301e-05
1.034e-05
1.038e-05
1.042e-05
1.046e-05
1.05e-05
1.0541e-05
1.0581e-05
1.0622e-05
1.0663e-05
1.0703e-05
1.0745e-05
1.0786e-05
1.0827e-05
1.0868e-05
1.091e-05
1.0952e-05
1.0994e-05
1.1036e-05
1.1078e-05
1.112e-05
1.1162e-05
1.1205e-05
1.1248e-05
1.1291e-05
1.1334e-05
1.1377e-05
1.142e-05
1.1464e-05
1.1507e-05
1.1551e-05
1.1595e-05
1.1639e-05
1.1683e-05
1.1727e-05
1.1772e-05
1.1816e-05
1.1861e-05
1.1906e-05
1.1951e-05
1.1996e-05
1.2064e-05
1.2087e-05
1.2133e-05
1.2178e-05
1.2224e-05
1.2271e-05
1.2317e-05
1.2363e-05
1.241e-05
1.2457e-05
1.2503e-05
1.255e-05
1.2598e-05
1.2645e-05
1.2692e-05
1.274e-05
1.2788e-05
1.2836e-05
1.2884e-05
1.2932e-05
1.2981e-05
1.3029e-05
1.3078e-05
1.3127e-05
1.3176e-05
1.3225e-05
1.3275e-05
1.3324e-05
1.3374e-05
1.3425e-05
1.3474e-05
1.3524e-05
1.3575e-05
1.3625e-05
1.3676e-05
1.3727e-05
1.3778e-05
1.3829e-05
1.388e-05
1.3932e-05
1.3983e-05
1.4035e-05
1.4087e-05
1.414e-05
1.4192e-05
1.4245e-05
1.4297e-05
1.435e-05
1.4403e-05
1.4456e-05
1.451e-05
1.4563e-05
1.4617e-05
1.4671e-05
1.4725e-05
1.4779e-05
1.4834e-05
1.4889e-05
1.4943e-05
1.4998e-05
1.5053e-05
1.5109e-05
1.5164e-05
1.522e-05
1.5276e-05
1.5332e-05
1.5388e-05
1.5445e-05
1.5501e-05
1.5558e-05
1.5615e-05
1.5672e-05
1.5729e-05
1.5787e-05
1.5844e-05
1.5902e-05
1.596e-05
1.6019e-05
1.6077e-05
1.6136e-05
1.6194e-05
1.6253e-05
1.6313e-05
1.6372e-05
1.6431e-05
1.6491e-05
1.6551e-05
1.6611e-05
1.6671e-05
1.6732e-05
1.6793e-05
1.6854e-05
1.6915e-05
1.6976e-05
1.7037e-05
1.7099e-05
1.7161e-05
1.7223e-05
1.7285e-05
1.7348e-05
1.741e-05
1.7474e-05
1.7536e-05
1.7599e-05
1.7663e-05
1.7726e-05
1.779e-05
1.7854e-05
1.7918e-05
1.7983e-05
1.8047e-05
1.8112e-05
1.8177e-05
1.8242e-05
1.8308e-05
1.8374e-05
1.8439e-05
1.8506e-05
1.8572e-05
1.8638e-05
1.8705e-05
1.8772e-05
1.8839e-05
1.8906e-05
1.8974e-05
1.9043e-05
1.9109e-05
1.9178e-05
1.9246e-05
1.9314e-05
1.9383e-05
1.9452e-05
1.9521e-05
1.9591e-05
1.966e-05
1.973e-05
1.98e-05
1.9871e-05
1.9941e-05
2.0012e-05
2.0083e-05
2.0156e-05
2.0225e-05
2.0297e-05
2.0369e-05
2.0441e-05
2.0513e-05
2.0586e-05
2.0658e-05
2.0731e-05
2.0804e-05
2.0878e-05
2.0951e-05
2.1025e-05
2.1099e-05
2.1174e-05
2.1248e-05
2.1323e-05
2.1406e-05
2.1473e-05
2.1549e-05
2.1624e-05
2.17e-05
2.1776e-05
2.1853e-05
2.1929e-05
2.2006e-05
2.2083e-05
2.216e-05
2.2238e-05
2.2316e-05
2.2394e-05
2.2473e-05
2.255e-05
2.2629e-05
2.2708e-05
2.2787e-05
2.2867e-05
2.2946e-05
2.3026e-05
2.3106e-05
2.3187e-05
2.3267e-05
2.3348e-05
2.3431e-05
2.3512e-05
2.3593e-05
2.3674e-05
2.3757e-05
2.3839e-05
2.3922e-05
2.4004e-05
2.4088e-05
2.4171e-05
2.4254e-05
2.4338e-05
2.4422e-05
2.4507e-05
2.4591e-05
2.4676e-05
2.4761e-05
2.4847e-05
2.4933e-05
2.5018e-05
2.5105e-05
2.5191e-05
2.5278e-05
2.5365e-05
2.5452e-05
2.5539e-05
2.5629e-05
2.5715e-05
2.5803e-05
2.5892e-05
2.598e-05
2.6069e-05
2.6159e-05
2.6248e-05
2.6338e-05
2.6428e-05
2.6519e-05
2.6609e-05
2.67e-05
2.6791e-05
2.6883e-05
2.6974e-05
2.7066e-05
2.7159e-05
2.7251e-05
2.7344e-05
2.7437e-05
2.753e-05
2.7624e-05
2.7718e-05
2.7812e-05
2.7907e-05
2.8001e-05
2.8096e-05
2.8192e-05
2.8287e-05
2.8383e-05
2.8479e-05
2.8576e-05
2.8672e-05
2.8769e-05
2.8867e-05
2.8964e-05
2.9062e-05
2.916e-05
2.9259e-05
2.9357e-05
2.9456e-05
2.9556e-05
2.9655e-05
2.9755e-05
2.9855e-05
2.9956e-05
3.0056e-05
3.0157e-05
3.0259e-05
3.036e-05
3.0462e-05
3.0564e-05
3.0667e-05
3.077e-05
3.0873e-05
3.0976e-05
3.108e-05
3.1184e-05
3.1288e-05
3.1393e-05
3.1498e-05
3.1603e-05
3.1709e-05
3.1814e-05
3.1921e-05
3.2027e-05
3.2134e-05
3.2241e-05
3.2348e-05
3.2456e-05
3.2564e-05
3.2672e-05
3.2781e-05
3.289e-05
3.2999e-05
3.3108e-05
3.3218e-05
3.3329e-05
3.3439e-05
3.355e-05
3.3661e-05
3.3772e-05
3.3884e-05
3.3996e-05
3.4109e-05
3.4221e-05
3.4335e-05
3.4448e-05
3.4562e-05
3.4676e-05
3.479e-05
3.4905e-05
3.502e-05
3.5135e-05
3.5251e-05
3.5367e-05
3.5483e-05
3.56e-05
3.5717e-05
3.5834e-05
3.5952e-05
3.607e-05
3.6188e-05
3.6307e-05
3.6426e-05
3.6545e-05
3.6665e-05
3.6785e-05
3.6905e-05
3.7026e-05
3.7147e-05
3.7268e-05
3.739e-05
3.7512e-05
3.7634e-05
3.7757e-05
3.788e-05
3.8003e-05
3.8127e-05
3.8251e-05
3.8376e-05
3.8501e-05
3.8626e-05
3.8751e-05
3.8877e-05
3.9004e-05
3.913e-05
3.9257e-05
3.9384e-05
3.9512e-05
3.964e-05
3.9768e-05
3.9897e-05
4.0026e-05
4.0156e-05
4.0286e-05
4.0416e-05
4.0546e-05
4.0677e-05
4.0809e-05
4.094e-05
4.1072e-05
4.1205e-05
4.1337e-05
4.147e-05
4.1604e-05
4.1738e-05
4.1872e-05
4.2007e-05
4.2142e-05
4.2277e-05
4.2413e-05
4.2549e-05
4.2685e-05
4.2822e-05
4.2959e-05
4.3097e-05
4.3235e-05
4.3373e-05
4.3512e-05
4.3651e-05
4.3791e-05
4.3931e-05
4.4071e-05
4.4212e-05
4.4353e-05
4.4494e-05
4.4636e-05
4.4778e-05
4.4921e-05
4.5064e-05
4.5207e-05
4.5351e-05
4.5495e-05
4.564e-05
4.5785e-05
4.593e-05
4.6076e-05
4.6222e-05
4.6369e-05
4.6516e-05
4.6663e-05
4.6811e-05
4.6959e-05
4.7108e-05
4.7257e-05
4.7406e-05
4.7556e-05
4.7706e-05
4.7857e-05
4.8008e-05
4.816e-05
4.8311e-05
4.8464e-05
4.8616e-05
4.877e-05
4.8923e-05
4.9077e-05
4.9231e-05
4.9386e-05
4.9541e-05
4.9697e-05
4.9853e-05
5.0009e-05
5.0166e-05
5.0324e-05
5.0481e-05
5.064e-05
5.0798e-05
5.0957e-05
5.1117e-05
5.1276e-05
5.1437e-05
5.1598e-05
5.1759e-05
5.192e-05
5.2082e-05
5.2245e-05
5.2408e-05
5.2571e-05
5.2735e-05
5.2899e-05
5.3064e-05
5.3229e-05
5.3394e-05
5.356e-05
5.3727e-05
5.3894e-05
5.4061e-05
5.4229e-05
5.4397e-05
5.4566e-05
5.4735e-05
5.4904e-05
5.5074e-05
5.5245e-05
5.5416e-05
5.5587e-05
5.5759e-05
5.5931e-05
5.6104e-05
5.6277e-05
5.6451e-05
5.6625e-05
5.68e-05
5.6975e-05
5.715e-05
5.7326e-05
5.7503e-05
5.768e-05
5.7857e-05
5.8035e-05
5.8213e-05
5.8392e-05
5.8571e-05
5.8751e-05
5.8931e-05
5.9112e-05
5.9293e-05
5.9475e-05
5.9657e-05
5.9839e-05
6.0023e-05
6.0206e-05
6.039e-05
6.0575e-05
6.076e-05
6.0945e-05
6.1131e-05
6.1318e-05
6.1505e-05
6.1692e-05
6.188e-05
6.2069e-05
6.2257e-05
6.2447e-05
6.2637e-05
6.2827e-05
6.3018e-05
6.321e-05
6.3401e-05
6.3594e-05
6.3787e-05
6.398e-05
6.4174e-05
6.4369e-05
6.4563e-05
6.4759e-05
6.4955e-05
6.5151e-05
6.5348e-05
6.5546e-05
6.5744e-05
6.5942e-05
6.6141e-05
6.6341e-05
6.6541e-05
6.6741e-05
6.6943e-05
6.7144e-05
6.7346e-05
6.7549e-05
6.7752e-05
6.7956e-05
6.816e-05
6.8365e-05
6.857e-05
6.8776e-05
6.8982e-05
6.9189e-05
6.9396e-05
6.9604e-05
6.9813e-05
7.0022e-05
7.0231e-05
7.0441e-05
7.0652e-05
7.0863e-05
7.1075e-05
7.1287e-05
7.15e-05
7.1713e-05
7.1927e-05
7.2142e-05
7.2357e-05
7.2572e-05
7.2788e-05
7.3005e-05
7.3222e-05
7.344e-05
7.3658e-05
7.3877e-05
7.4096e-05
7.4316e-05
7.4537e-05
7.4758e-05
7.4979e-05
7.5201e-05
7.5424e-05
7.5648e-05
7.5871e-05
7.6096e-05
7.6321e-05
7.6547e-05
7.6773e-05
7.6999e-05
7.7227e-05
7.7455e-05
7.7683e-05
7.7912e-05
7.8142e-05
7.8372e-05
7.8603e-05
7.8834e-05
7.9066e-05
7.9299e-05
7.9532e-05
7.9766e-05
8e-05
8.0235e-05
8.047e-05
8.0706e-05
8.0943e-05
8.118e-05
8.1418e-05
8.1656e-05
8.1895e-05
8.2135e-05
8.2375e-05
8.2616e-05
8.2858e-05
8.31e-05
8.3342e-05
8.3586e-05
8.383e-05
8.4074e-05
8.4319e-05
8.4565e-05
8.4811e-05
8.5058e-05
8.5306e-05
8.5554e-05
8.5803e-05
8.6052e-05
8.6302e-05
8.6553e-05
8.6804e-05
8.7056e-05
8.7308e-05
8.7561e-05
8.7815e-05
8.807e-05
8.8325e-05
8.858e-05
8.8837e-05
8.9093e-05
8.9351e-05
8.9609e-05
8.9868e-05
9.0127e-05
9.0388e-05
9.0648e-05
9.091e-05
9.1172e-05
9.1434e-05
9.1698e-05
9.1962e-05
9.2226e-05
9.2492e-05
9.2758e-05
9.3024e-05
9.3291e-05
9.3559e-05
9.3828e-05
9.4097e-05
9.4367e-05
9.4638e-05
9.4909e-05
9.5181e-05
9.5453e-05
9.5726e-05
9.6e-05
9.6275e-05
9.655e-05
9.6826e-05
9.7102e-05
9.738e-05
9.7658e-05
9.7936e-05
9.8215e-05
9.8495e-05
9.8776e-05
9.9057e-05
9.9339e-05
9.9622e-05
9.9905e-05
0.00010019
0.00010047
0.00010076
0.00010105
0.00010133
0.00010162
0.00010191
0.0001022
0.00010249
0.00010278
0.00010307
0.00010336
0.00010365
0.00010395
0.00010424
0.00010453
0.00010483
0.00010512
0.00010542
0.00010572
0.00010602
0.00010632
0.00010662
0.00010692
0.00010722
0.00010752
0.00010782
0.00010812
0.00010843
0.00010873
0.00010904
0.00010934
0.00010965
0.00010996
0.00011027
0.00011058
0.00011088
0.0001112
0.00011151
0.00011182
0.00011213
0.00011244
0.00011276
0.00011307
0.00011339
0.00011371
0.00011402
0.00011434
0.00011466
0.00011498
0.0001153
0.00011562
0.00011594
0.00011626
0.00011659
0.00011691
0.00011724
0.00011756
0.00011789
0.00011822
0.00011854
0.00011887
0.0001192
0.00011953
0.00011986
0.0001202
0.00012053
0.00012086
0.0001212
0.00012153
0.00012187
0.0001222
0.00012254
0.00012288
0.00012322
0.00012356
0.0001239
0.00012424
0.00012458
0.00012492
0.00012527
0.00012561
0.00012596
0.0001263
0.00012665
0.000127
0.00012735
0.0001277
0.00012805
0.0001284
0.00012875
0.0001291
0.00012945
0.00012981
0.00013016
0.00013052
0.00013088
0.00013123
0.00013159
0.00013195
0.00013231
0.00013267
0.00013303
0.0001334
0.00013376
0.00013412
0.00013449
0.00013486
0.00013522
0.00013559
0.00013596
0.00013633
0.0001367
0.00013707
0.00013744
0.00013781
0.00013819
0.00013856
0.00013894
0.00013931
0.00013969
0.00014007
0.00014045
0.00014083
0.00014121
0.00014159
0.00014197
0.00014235
0.00014274
0.00014312
0.00014351
0.0001439
0.00014428
0.00014467
0.00014506
0.00014545
0.00014584
0.00014624
0.00014663
0.00014702
0.00014742
0.00014781
0.00014821
0.00014861
0.000149
0.0001494
0.0001498
0.00015021
0.00015061
0.00015101
0.00015141
0.00015182
0.00015222
0.00015263
0.00015304
0.00015345
0.00015386
0.00015427
0.00015468
0.00015509
0.0001555
0.00015592
0.00015633
0.00015675
0.00015716
0.00015758
0.000158
0.00015842
0.00015884
0.00015926
0.00015969
0.00016011
0.00016053
0.00016096
0.00016139
0.00016181
0.00016224
0.00016267
0.0001631
0.00016353
0.00016396
0.0001644
0.00016483
0.00016527
0.0001657
0.00016614
0.00016658
0.00016701
0.00016745
0.0001679
0.00016834
0.00016878
0.00016922
0.00016967
0.00017011
0.00017056
0.00017101
0.00017146
0.00017191
0.00017236
0.00017281
0.00017326
0.00017372
0.00017417
0.00017463
0.00017508
0.00017554
0.000176
0.00017646
0.00017692
0.00017738
0.00017785
0.00017831
0.00017878
0.00017924
0.00017971
0.00018018
0.00018065
0.00018112
0.00018159
0.00018206
0.00018253
0.00018301
0.00018348
0.00018396
0.00018444
0.00018491
0.00018539
0.00018588
0.00018636
0.00018684
0.00018732
0.00018781
0.00018829
0.00018878
0.00018927
0.00018976
0.00019025
0.00019074
0.00019123
0.00019172
0.00019222
0.00019271
0.00019321
0.00019371
0.00019421
0.00019471
0.00019521
0.00019571
0.00019621
0.00019672
0.00019722
0.00019773
0.00019824
0.00019875
0.00019926
0.00019977
0.00020028
0.00020079
0.00020131
0.00020182
0.00020234
0.00020286
0.00020337
0.00020389
0.00020441
0.00020494
0.00020546
0.00020598
0.00020651
0.00020704
0.00020756
0.00020809
0.00020862
0.00020915
0.00020969
0.00021022
0.00021075
0.00021129
0.00021183
0.00021236
0.0002129
0.00021344
0.00021398
0.00021453
0.00021507
0.00021562
0.00021616
0.00021671
0.00021726
0.00021781
0.00021836
0.00021891
0.00021946
0.00022002
0.00022057
0.00022113
0.00022169
0.00022225
0.00022281
0.00022337
0.00022393
0.0002245
0.00022506
0.00022563
0.00022619
0.00022676
0.00022733
0.0002279
0.00022848
0.00022905
0.00022962
0.0002302
0.00023078
0.00023136
0.00023193
0.00023252
0.0002331
0.00023368
0.00023427
0.00023485
0.00023544
0.00023603
0.00023662
0.00023721
0.0002378
0.00023839
0.00023899
0.00023958
0.00024018
0.00024078
0.00024138
0.00024198
0.00024258
0.00024318
0.00024379
0.00024439
0.000245
0.00024561
0.00024622
0.00024683
0.00024744
0.00024805
0.00024867
0.00024929
0.0002499
0.00025052
0.00025114
0.00025176
0.00025238
0.00025301
0.00025363
0.00025426
0.00025489
0.00025552
0.00025615
0.00025678
0.00025741
0.00025805
0.00025868
0.00025932
0.00025996
0.0002606
0.00026124
0.00026188
0.00026252
0.00026317
0.00026381
0.00026446
0.00026511
0.00026576
0.00026641
0.00026706
0.00026772
0.00026837
0.00026903
0.00026969
0.00027035
0.00027101
0.00027167
0.00027234
0.000273
0.00027367
0.00027433
0.000275
0.00027567
0.00027635
0.00027702
0.00027769
0.00027837
0.00027905
0.00027973
0.00028041
0.00028109
0.00028177
0.00028246
0.00028314
0.00028383
0.00028452
0.00028521
0.0002859
0.00028659
0.00028729
0.00028798
0.00028868
0.00028938
0.00029008
0.00029078
0.00029148
0.00029219
0.00029289
0.0002936
0.00029431
0.00029502
0.00029573
0.00029644
0.00029716
0.00029787
0.00029859
0.00029931
0.00030003
0.00030075
0.00030147
0.0003022
0.00030292
0.00030365
0.00030438
0.00030511
0.00030584
0.00030657
0.00030731
0.00030805
0.00030878
0.00030952
0.00031026
0.00031101
0.00031175
0.00031249
0.00031324
0.00031399
0.00031474
0.00031549
0.00031624
0.000317
0.00031775
0.00031851
0.00031927
0.00032003
0.00032079
0.00032155
0.00032232
0.00032309
0.00032385
0.00032462
0.00032539
0.00032617
0.00032694
0.00032772
0.00032849
0.00032927
0.00033005
0.00033083
0.00033162
0.0003324
0.00033319
0.00033398
0.00033477
0.00033556
0.00033635
0.00033715
0.00033794
0.00033874
0.00033954
0.00034034
0.00034114
0.00034195
0.00034275
0.00034356
0.00034437
0.00034518
0.00034599
0.0003468
0.00034762
0.00034843
0.00034925
0.00035007
0.00035089
0.00035172
0.00035254
0.00035337
0.0003542
0.00035502
0.00035586
0.00035669
0.00035752
0.00035836
0.0003592
0.00036004
0.00036088
0.00036172
0.00036256
0.00036341
0.00036426
0.00036511
0.00036596
0.00036681
0.00036767
0.00036852
0.00036938
0.00037024
0.0003711
0.00037196
0.00037283
0.00037369
0.00037456
0.00037543
0.0003763
0.00037717
0.00037805
0.00037892
0.0003798
0.00038068
0.00038156
0.00038245
0.00038333
0.00038422
0.00038511
0.000386
0.00038689
0.00038778
0.00038868
0.00038957
0.00039047
0.00039137
0.00039227
0.00039318
0.00039408
0.00039499
0.0003959
0.00039681
0.00039772
0.00039864
0.00039955
0.00040047
0.00040139
0.00040231
0.00040323
0.00040416
0.00040509
0.00040601
0.00040695
0.00040788
0.00040881
0.00040975
0.00041068
0.00041162
0.00041256
0.00041351
0.00041445
0.0004154
0.00041635
0.0004173
0.00041825
0.0004192
0.00042016
0.00042111
0.00042207
0.00042303
0.000424
0.00042496
0.00042593
0.0004269
0.00042787
0.00042884
0.00042981
0.00043079
0.00043177
0.00043275
0.00043373
0.00043471
0.00043569
0.00043668
0.00043767
0.00043866
0.00043965
0.00044065
0.00044164
0.00044264
0.00044364
0.00044464
0.00044565
0.00044665
0.00044766
0.00044867
0.00044968
0.0004507
0.00045171
0.00045273
0.00045375
0.00045477
0.00045579
0.00045682
0.00045784
0.00045887
0.0004599
0.00046093
0.00046197
0.000463
0.00046404
0.00046508
0.00046613
0.00046717
0.00046822
0.00046926
0.00047031
0.00047137
0.00047242
0.00047348
0.00047453
0.00047559
0.00047666
0.00047772
0.00047879
0.00047985
0.00048092
0.00048199
0.00048307
0.00048414
0.00048522
0.0004863
0.00048738
0.00048847
0.00048955
0.00049064
0.00049173
0.00049282
0.00049392
0.00049501
0.00049611
0.00049721
0.00049831
0.00049942
0.00050052
0.00050163
0.00050274
0.00050385
0.00050497
0.00050608
0.0005072
0.00050832
0.00050945
0.00051057
0.0005117
0.00051283
0.00051396
0.00051509
0.00051623
0.00051736
0.0005185
0.00051964
0.00052079
0.00052193
0.00052308
0.00052423
0.00052538
0.00052654
0.00052769
0.00052885
0.00053001
0.00053117
0.00053234
0.0005335
0.00053467
0.00053584
0.00053702
0.00053819
0.00053937
0.00054055
0.00054173
0.00054291
0.0005441
0.00054529
0.00054648
0.00054767
0.00054887
0.00055006
0.00055126
0.00055246
0.00055367
0.00055487
0.00055608
0.00055729
0.0005585
0.00055972
0.00056093
0.00056215
0.00056337
0.0005646
0.00056582
0.00056705
0.00056828
0.00056951
0.00057074
0.00057198
0.00057322
0.00057446
0.0005757
0.00057695
0.0005782
0.00057945
0.0005807
0.00058195
0.00058321
0.00058447
0.00058573
0.00058699
0.00058826
0.00058953
0.0005908
0.00059207
0.00059335
0.00059462
0.0005959
0.00059718
0.00059847
0.00059975
0.00060104
0.00060233
0.00060363
0.00060492
0.00060622
0.00060752
0.00060882
0.00061013
0.00061143
0.00061274
0.00061406
0.00061537
0.00061669
0.00061801
0.00061933
0.00062065
0.00062198
0.0006233
0.00062464
0.00062597
0.0006273
0.00062864
0.00062998
0.00063132
0.00063267
0.00063402
0.00063537
0.00063672
0.00063807
0.00063943
0.00064079
0.00064215
0.00064351
0.00064488
0.00064625
0.00064762
0.00064899
0.00065037
0.00065175
0.00065313
0.00065451
0.0006559
0.00065729
0.00065868
0.00066007
0.00066147
0.00066286
0.00066427
0.00066567
0.00066707
0.00066848
0.00066989
0.0006713
0.00067272
0.00067414
0.00067556
0.00067698
0.00067841
0.00067983
0.00068126
0.0006827
0.00068413
0.00068557
0.00068701
0.00068845
0.0006899
0.00069135
0.0006928
0.00069425
0.00069571
0.00069716
0.00069862
0.00070009
0.00070155
0.00070302
0.00070449
0.00070596
0.00070744
0.00070892
0.0007104
0.00071188
0.00071337
0.00071486
0.00071635
0.00071784
0.00071934
0.00072084
0.00072234
0.00072384
0.00072535
0.00072686
0.00072837
0.00072989
0.0007314
0.00073292
0.00073445
0.00073597
0.0007375
0.00073903
0.00074056
0.0007421
0.00074364
0.00074518
0.00074672
0.00074827
0.00074982
0.00075137
0.00075292
0.00075448
0.00075604
0.0007576
0.00075917
0.00076073
0.0007623
0.00076388
0.00076545
0.00076703
0.00076861
0.00077019
0.00077178
0.00077337
0.00077496
0.00077656
0.00077815
0.00077975
0.00078136
0.00078296
0.00078457
0.00078618
0.0007878
0.00078941
0.00079103
0.00079265
0.00079428
0.0007959
0.00079754
0.00079917
0.0008008
0.00080244
0.00080408
0.00080573
0.00080737
0.00080902
0.00081068
0.00081233
0.00081399
0.00081565
0.00081732
0.00081898
0.00082065
0.00082232
0.000824
0.00082568
0.00082736
0.00082904
0.00083073
0.00083242
0.00083411
0.0008358
0.0008375
0.0008392
0.0008409
0.00084261
0.00084432
0.00084603
0.00084775
0.00084946
0.00085118
0.00085291
0.00085463
0.00085636
0.0008581
0.00085983
0.00086157
0.00086331
0.00086505
0.0008668
0.00086855
0.0008703
0.00087206
0.00087382
0.00087558
0.00087734
0.00087911
0.00088088
0.00088265
0.00088443
0.00088621
0.00088799
0.00088978
0.00089156
0.00089336
0.00089515
0.00089695
0.00089875
0.00090055
0.00090235
0.00090416
0.00090598
0.00090779
0.00090961
0.00091143
0.00091325
0.00091508
0.00091691
0.00091874
0.00092058
0.00092242
0.00092426
0.00092611
0.00092795
0.0009298
0.00093166
0.00093352
0.00093538
0.00093724
0.00093911
0.00094098
0.00094285
0.00094473
0.0009466
0.00094849
0.00095037
0.00095226
0.00095415
0.00095604
0.00095794
0.00095984
0.00096175
0.00096365
0.00096556
0.00096748
0.00096939
0.00097131
0.00097323
0.00097516
0.00097709
0.00097902
0.00098096
0.00098289
0.00098484
0.00098678
0.00098873
0.00099068
0.00099263
0.00099459
0.00099655
0.00099851
0.0010005
0.0010025
0.0010044
0.0010064
0.0010084
0.0010104
0.0010123
0.0010143
0.0010163
0.0010183
0.0010203
0.0010223
0.0010243
0.0010263
0.0010284
0.0010304
0.0010324
0.0010344
0.0010364
0.0010385
0.0010405
0.0010425
0.0010446
0.0010466
0.0010487
0.0010507
0.0010528
0.0010548
0.0010569
0.0010589
0.001061
0.0010631
0.0010651
0.0010672
0.0010693
0.0010714
0.0010735
0.0010755
0.0010776
0.0010797
0.0010818
0.0010839
0.001086
0.0010881
0.0010902
0.0010924
0.0010945
0.0010966
0.0010987
0.0011009
0.001103
0.0011051
0.0011073
0.0011094
0.0011115
0.0011137
0.0011159
0.001118
0.0011202
0.0011223
0.0011245
0.0011267
0.0011288
0.001131
0.0011332
0.0011354
0.0011376
0.0011398
0.0011419
0.0011441
0.0011463
0.0011486
0.0011508
0.001153
0.0011552
0.0011574
0.0011596
0.0011618
0.0011641
0.0011663
0.0011685
0.0011708
0.001173
0.0011753
0.0011775
0.0011798
0.001182
0.0011843
0.0011866
0.0011888
0.0011911
0.0011934
0.0011957
0.0011979
0.0012002
0.0012025
0.0012048
0.0012071
0.0012094
0.0012117
0.001214
0.0012163
0.0012186
0.001221
0.0012233
0.0012256
0.0012279
0.0012303
0.0012326
0.0012349
0.0012373
0.0012396
0.001242
0.0012443
0.0012467
0.0012491
0.0012514
0.0012538
0.0012562
0.0012585
0.0012609
0.0012633
0.0012657
0.0012681
0.0012705
0.0012729
0.0012753
0.0012777
0.0012801
0.0012825
0.0012849
0.0012873
0.0012898
0.0012922
0.0012946
0.0012971
0.0012995
0.001302
0.0013044
0.0013069
0.0013093
0.0013118
0.0013142
0.0013167
0.0013192
0.0013216
0.0013241
0.0013266
0.0013291
0.0013316
0.0013341
0.0013366
0.0013391
0.0013416
0.0013441
0.0013466
0.0013491
0.0013516
0.0013542
0.0013567
0.0013592
0.0013618
0.0013643
0.0013668
0.0013694
0.0013719
0.0013745
0.0013771
0.0013796
0.0013822
0.0013848
0.0013873
0.0013899
0.0013925
0.0013951
0.0013977
0.0014003
0.0014029
0.0014055
0.0014081
0.0014107
0.0014133
0.0014159
0.0014185
0.0014212
0.0014238
0.0014264
0.0014291
0.0014317
0.0014344
0.001437
0.0014397
0.0014423
0.001445
0.0014477
0.0014503
0.001453
0.0014557
0.0014584
0.001461
0.0014637
0.0014664
0.0014691
0.0014718
0.0014745
0.0014773
0.00148
0.0014827
0.0014854
0.0014881
0.0014909
0.0014936
0.0014963
0.0014991
0.0015018
0.0015046
0.0015073
0.0015101
0.0015129
0.0015156
0.0015184
0.0015212
0.001524
0.0015268
0.0015295
0.0015323
0.0015351
0.0015379
0.0015408
0.0015436
0.0015464
0.0015492
0.001552
0.0015548
0.0015577
0.0015605
0.0015634
0.0015662
0.001569
0.0015719
0.0015748
0.0015776
0.0015805
0.0015834
0.0015862
0.0015891
0.001592
0.0015949
0.0015978
0.0016007
0.0016036
0.0016065
0.0016094
0.0016123
0.0016152
0.0016181
0.0016211
0.001624
0.0016269
0.0016299
0.0016328
0.0016358
0.0016387
0.0016417
0.0016446
0.0016476
0.0016506
0.0016535
0.0016565
0.0016595
0.0016625
0.0016655
0.0016685
0.0016715
0.0016745
0.0016775
0.0016805
0.0016835
0.0016865
0.0016896
0.0016926
0.0016956
0.0016987
0.0017017
0.0017048
0.0017078
0.0017109
0.0017139
0.001717
0.0017201
0.0017232
0.0017262
0.0017293
0.0017324
0.0017355
0.0017386
0.0017417
0.0017448
0.0017479
0.001751
0.0017542
0.0017573
0.0017604
0.0017636
0.0017667
0.0017698
0.001773
0.0017761
0.0017793
0.0017825
0.0017856
0.0017888
0.001792
0.0017952
0.0017983
0.0018015
0.0018047
0.0018079
0.0018111
0.0018143
0.0018176
0.0018208
0.001824
0.0018272
0.0018305
0.0018337
0.0018369
0.0018402
0.0018434
0.0018467
0.0018499
0.0018532
0.0018565
0.0018598
0.001863
0.0018663
0.0018696
0.0018729
0.0018762
0.0018795
0.0018828
0.0018861
0.0018894
0.0018928
0.0018961
0.0018994
0.0019027
0.0019061
0.0019094
0.0019128
0.0019161
0.0019195
0.0019229
0.0019262
0.0019296
0.001933
0.0019364
0.0019398
0.0019432
0.0019466
0.00195
0.0019534
0.0019568
0.0019602
0.0019636
0.001967
0.0019705
0.0019739
0.0019774
0.0019808
0.0019843
0.0019877
0.0019912
0.0019946
0.0019981
0.0020016
0.0020051
0.0020086
0.0020121
0.0020156
0.0020191
0.0020226
0.0020261
0.0020296
0.0020331
0.0020366
0.0020402
0.0020437
0.0020472
0.0020508
0.0020543
0.0020579
0.0020615
0.002065
0.0020686
0.0020722
0.0020758
0.0020793
0.0020829
0.0020865
0.0020901
0.0020937
0.0020974
0.002101
0.0021046
0.0021082
0.0021119
0.0021155
0.0021191
0.0021228
0.0021264
0.0021301
0.0021338
0.0021374
0.0021411
0.0021448
0.0021485
0.0021522
0.0021558
0.0021595
0.0021632
0.002167
0.0021707
0.0021744
0.0021781
0.0021818
0.0021856
0.0021893
0.0021931
0.0021968
0.0022006
0.0022043
0.0022081
0.0022119
0.0022157
0.0022194
0.0022232
0.002227
0.0022308
0.0022346
0.0022384
0.0022422
0.0022461
0.0022499
0.0022537
0.0022576
0.0022614
0.0022652
0.0022691
0.002273
0.0022768
0.0022807
0.0022846
0.0022884
0.0022923
0.0022962
0.0023001
0.002304
0.0023079
0.0023118
0.0023157
0.0023196
0.0023236
0.0023275
0.0023314
0.0023354
0.0023393
0.0023433
0.0023472
0.0023512
0.0023552
0.0023592
0.0023631
0.0023671
0.0023711
0.0023751
0.0023791
0.0023831
0.0023871
0.0023912
0.0023952
0.0023992
0.0024033
0.0024073
0.0024113
0.0024154
0.0024194
0.0024235
0.0024276
0.0024317
0.0024357
0.0024398
0.0024439
0.002448
0.0024521
0.0024562
0.0024603
0.0024645
0.0024686
0.0024727
0.0024768
0.002481
0.0024851
0.0024893
0.0024934
0.0024976
0.0025018
0.002506
0.0025101
0.0025143
0.0025185
0.0025227
0.0025269
0.0025311
0.0025353
0.0025396
0.0025438
0.002548
0.0025523
0.0025565
0.0025608
0.002565
0.0025693
0.0025735
0.0025778
0.0025821
0.0025864
0.0025907
0.002595
0.0025993
0.0026036
0.0026079
0.0026122
0.0026165
0.0026209
0.0026252
0.0026295
0.0026339
0.0026382
0.0026426
0.002647
0.0026513
0.0026557
0.0026601
0.0026645
0.0026689
0.0026733
0.0026777
0.0026821
0.0026865
0.0026909
0.0026954
0.0026998
0.0027042
0.0027087
0.0027131
0.0027176
0.0027221
0.0027265
0.002731
0.0027355
0.00274
0.0027445
0.002749
0.0027535
0.002758
0.0027625
0.0027671
0.0027716
0.0027761
0.0027807
0.0027852
0.0027898
0.0027943
0.0027989
0.0028035
0.0028081
0.0028127
0.0028172
0.0028218
0.0028264
0.0028311
0.0028357
0.0028403
0.0028449
0.0028496
0.0028542
0.0028588
0.0028635
0.0028682
0.0028728
0.0028775
0.0028822
0.0028869
0.0028915
0.0028962
0.0029009
0.0029057
0.0029104
0.0029151
0.0029198
0.0029246
0.0029293
0.002934
0.0029388
0.0029435
0.0029483
0.0029531
0.0029579
0.0029626
0.0029674
0.0029722
0.002977
0.0029818
0.0029867
0.0029915
0.0029963
0.0030011
0.003006
0.0030108
0.0030157
0.0030205
0.0030254
0.0030303
0.0030351
0.00304
0.0030449
0.0030498
0.0030547
0.0030596
0.0030646
0.0030695
0.0030744
0.0030793
0.0030843
0.0030892
0.0030942
0.0030991
0.0031041
0.0031091
0.0031141
0.0031191
0.003124
0.003129
0.0031341
0.0031391
0.0031441
0.0031491
0.0031541
0.0031592
0.0031642
0.0031693
0.0031743
0.0031794
0.0031845
0.0031896
0.0031946
0.0031997
0.0032048
0.0032099
0.003215
0.0032202
0.0032253
0.0032304
0.0032355
0.0032407
0.0032458
0.003251
0.0032562
0.0032613
0.0032665
0.0032717
0.0032769
0.0032821
0.0032873
0.0032925
0.0032977
0.0033029
0.0033082
0.0033134
0.0033186
0.0033239
0.0033292
0.0033344
0.0033397
0.003345
0.0033503
0.0033555
0.0033608
0.0033661
0.0033715
0.0033768
0.0033821
0.0033874
0.0033928
0.0033981
0.0034035
0.0034088
0.0034142
0.0034196
0.0034249
0.0034303
0.0034357
0.0034411
0.0034465
0.0034519
0.0034574
0.0034628
0.0034682
0.0034737
0.0034791
0.0034846
0.00349
0.0034955
0.003501
0.0035064
0.0035119
0.0035174
0.0035229
0.0035284
0.003534
0.0035395
0.003545
0.0035506
0.0035561
0.0035616
0.0035672
0.0035728
0.0035783
0.0035839
0.0035895
0.0035951
0.0036007
0.0036063
0.0036119
0.0036176
0.0036232
0.0036288
0.0036345
0.0036401
0.0036458
0.0036514
0.0036571
0.0036628
0.0036685
0.0036742
0.0036799
0.0036856
0.0036913
0.003697
0.0037027
0.0037085
0.0037142
0.00372
0.0037257
0.0037315
0.0037373
0.003743
0.0037488
0.0037546
0.0037604
0.0037662
0.003772
0.0037779
0.0037837
0.0037895
0.0037954
0.0038012
0.0038071
0.0038129
0.0038188
0.0038247
0.0038306
0.0038365
0.0038424
0.0038483
0.0038542
0.0038601
0.0038661
0.003872
0.0038779
0.0038839
0.0038899
0.0038958
0.0039018
0.0039078
0.0039138
0.0039198
0.0039258
0.0039318
0.0039378
0.0039438
0.0039499
0.0039559
0.003962
0.003968
0.0039741
0.0039802
0.0039862
0.0039923
0.0039984
0.0040045
0.0040106
0.0040168
0.0040229
0.004029
0.0040352
0.0040413
0.0040475
0.0040536
0.0040598
0.004066
0.0040722
0.0040783
0.0040845
0.0040908
0.004097
0.0041032
0.0041094
0.0041157
0.0041219
0.0041282
0.0041344
0.0041407
0.004147
0.0041532
0.0041595
0.0041658
0.0041721
0.0041785
0.0041848
0.0041911
0.0041974
0.0042038
0.0042101
0.0042165
0.0042229
0.0042293
0.0042356
0.004242
0.0042484
0.0042548
0.0042613
0.0042677
0.0042741
0.0042805
0.004287
0.0042934
0.0042999
0.0043064
0.0043129
0.0043193
0.0043258
0.0043323
0.0043388
0.0043454
0.0043519
0.0043584
0.004365
0.0043715
0.0043781
0.0043846
0.0043912
0.0043978
0.0044044
0.004411
0.0044176
0.0044242
0.0044308
0.0044374
0.0044441
0.0044507
0.0044574
0.004464
0.0044707
0.0044774
0.004484
0.0044907
0.0044974
0.0045041
0.0045109
0.0045176
0.0045243
0.004531
0.0045378
0.0045446
0.0045513
0.0045581
0.0045649
0.0045717
0.0045785
0.0045853
0.0045921
0.0045989
0.0046057
0.0046126
0.0046194
0.0046263
0.0046331
0.00464
0.0046469
0.0046538
0.0046606
0.0046675
0.0046745
0.0046814
0.0046883
0.0046952
0.0047022
0.0047091
0.0047161
0.0047231
0.00473
0.004737
0.004744
0.004751
0.004758
0.004765
0.0047721
0.0047791
0.0047861
0.0047932
0.0048003
0.0048073
0.0048144
0.0048215
0.0048286
0.0048357
0.0048428
0.0048499
0.004857
0.0048642
0.0048713
0.0048785
0.0048856
0.0048928
0.0049
0.0049072
0.0049143
0.0049216
0.0049288
0.004936
0.0049432
0.0049504
0.0049577
0.0049649
0.0049722
0.0049795
0.0049868
0.004994
0.0050013
0.0050086
0.005016
0.0050233
0.0050306
0.0050379
0.0050453
0.0050526
0.00506
0.0050674
0.0050748
0.0050822
0.0050896
0.005097
0.0051044
0.0051118
0.0051192
0.0051267
0.0051341
0.0051416
0.0051491
0.0051565
0.005164
0.0051715
0.005179
0.0051865
0.005194
0.0052016
0.0052091
0.0052167
0.0052242
0.0052318
0.0052393
0.0052469
0.0052545
0.0052621
0.0052697
0.0052773
0.005285
0.0052926
0.0053002
0.0053079
0.0053156
0.0053232
0.0053309
0.0053386
0.0053463
0.005354
0.0053617
0.0053694
0.0053772
0.0053849
0.0053927
0.0054004
0.0054082
0.005416
0.0054237
0.0054315
0.0054393
0.0054471
0.005455
0.0054628
0.0054706
0.0054785
0.0054863
0.0054942
0.0055021
0.00551
0.0055179
0.0055258
0.0055337
0.0055416
0.0055495
0.0055575
0.0055654
0.0055734
0.0055813
0.0055893
0.0055973
0.0056053
0.0056133
0.0056213
0.0056293
0.0056374
0.0056454
0.0056534
0.0056615
0.0056696
0.0056776
0.0056857
0.0056938
0.0057019
0.00571
0.0057182
0.0057263
0.0057344
0.0057426
0.0057507
0.0057589
0.0057671
0.0057753
0.0057835
0.0057917
0.0057999
0.0058081
0.0058163
0.0058246
0.0058328
0.0058411
0.0058494
0.0058576
0.0058659
0.0058742
0.0058825
0.0058908
0.0058992
0.0059075
0.0059159
0.0059242
0.0059326
0.0059409
0.0059493
0.0059577
0.0059661
0.0059745
0.005983
0.0059914
0.0059998
0.0060083
0.0060167
0.0060252
0.0060337
0.0060422
0.0060507
0.0060592
0.0060677
0.0060762
0.0060847
0.0060933
0.0061018
0.0061104
0.006119
0.0061276
0.0061362
0.0061448
0.0061534
0.006162
0.0061706
0.0061793
0.0061879
0.0061966
0.0062052
0.0062139
0.0062226
0.0062313
0.00624
0.0062487
0.0062575
0.0062662
0.0062749
0.0062837
0.0062925
0.0063012
0.00631
0.0063188
0.0063276
0.0063364
0.0063453
0.0063541
0.006363
0.0063718
0.0063807
0.0063895
0.0063984
0.0064073
0.0064162
0.0064251
0.0064341
0.006443
0.0064519
0.0064609
0.0064699
0.0064788
0.0064878
0.0064968
0.0065058
0.0065148
0.0065238
0.0065329
0.0065419
0.006551
0.00656
0.0065691
0.0065782
0.0065873
0.0065964
0.0066055
0.0066146
0.0066238
0.0066329
0.0066421
0.0066512
0.0066604
0.0066696
0.0066788
0.006688
0.0066972
0.0067064
0.0067156
0.0067249
0.0067341
0.0067434
0.0067527
0.006762
0.0067713
0.0067806
0.0067899
0.0067992
0.0068085
0.0068179
0.0068272
0.0068366
0.006846
0.0068554
0.0068648
0.0068742
0.0068836
0.006893
0.0069024
0.0069119
0.0069213
0.0069308
0.0069403
0.0069498
0.0069593
0.0069688
0.0069783
0.0069878
0.0069974
0.0070069
0.0070165
0.0070261
0.0070357
0.0070452
0.0070548
0.0070645
0.0070741
0.0070837
0.0070934
0.007103
0.0071127
0.0071224
0.007132
0.0071417
0.0071514
0.0071612
0.0071709
0.0071806
0.0071904
0.0072001
0.0072099
0.0072197
0.0072295
0.0072393
0.0072491
0.0072589
0.0072688
0.0072786
0.0072885
0.0072983
0.0073082
0.0073181
0.007328
0.0073379
0.0073478
0.0073577
0.0073677
0.0073776
0.0073876
0.0073976
0.0074075
0.0074175
0.0074275
0.0074376
0.0074476
0.0074576
0.0074677
0.0074777
0.0074878
0.0074979
0.007508
0.0075181
0.0075282
0.0075383
0.0075484
0.0075586
0.0075687
0.0075789
0.0075891
0.0075993
0.0076095
0.0076197
0.0076299
0.0076401
0.0076504
0.0076606
0.0076709
0.0076812
0.0076914
0.0077017
0.007712
0.0077224
0.0077327
0.007743
0.0077534
0.0077637
0.0077741
0.0077845
0.0077949
0.0078053
0.0078157
0.0078261
0.0078366
0.007847
0.0078575
0.007868
0.0078785
0.007889
0.0078995
0.00791
0.0079205
0.007931
0.0079416
0.0079522
0.0079627
0.0079733
0.0079839
0.0079945
0.0080051
0.0080158
0.0080264
0.008037
0.0080477
0.0080584
0.0080691
0.0080798
0.0080905
0.0081012
0.0081119
0.0081227
0.0081334
0.0081442
0.0081549
0.0081657
0.0081765
0.0081873
0.0081982
0.008209
0.0082198
0.0082307
0.0082415
0.0082524
0.0082633
0.0082742
0.0082851
0.008296
0.008307
0.0083179
0.0083289
0.0083398
0.0083508
0.0083618
0.0083728
0.0083838
0.0083949
0.0084059
0.0084169
0.008428
0.0084391
0.0084502
0.0084612
0.0084723
0.0084835
0.0084946
0.0085057
0.0085169
0.0085281
0.0085392
0.0085504
0.0085616
0.0085728
0.008584
0.0085953
0.0086065
0.0086178
0.008629
0.0086403
0.0086516
0.0086629
0.0086742
0.0086856
0.0086969
0.0087082
0.0087196
0.008731
0.0087424
0.0087538
0.0087652
0.0087766
0.008788
0.0087995
0.0088109
0.0088224
0.0088339
0.0088454
0.0088569
0.0088684
0.0088799
0.0088914
0.008903
0.0089146
0.0089261
0.0089377
0.0089493
0.0089609
0.0089725
0.0089842
0.0089958
0.0090075
0.0090191
0.0090308
0.0090425
0.0090542
0.0090659
0.0090777
0.0090894
0.0091012
0.0091129
0.0091247
0.0091365
0.0091483
0.0091601
0.0091719
0.0091838
0.0091956
0.0092075
0.0092194
0.0092312
0.0092431
0.009255
0.009267
0.0092789
0.0092909
0.0093028
0.0093148
0.0093268
0.0093388
0.0093508
0.0093628
0.0093748
0.0093869
0.0093989
0.009411
0.0094231
0.0094352
0.0094473
0.0094594
0.0094715
0.0094837
0.0094958
0.009508
0.0095202
0.0095323
0.0095445
0.0095568
0.009569
0.0095812
0.0095935
0.0096057
0.009618
0.0096303
0.0096426
0.0096549
0.0096673
0.0096796
0.009692
0.0097043
0.0097167
0.0097291
0.0097415
0.0097539
0.0097663
0.0097788
0.0097912
0.0098037
0.0098162
0.0098286
0.0098411
0.0098537
0.0098662
0.0098787
0.0098913
0.0099038
0.0099164
0.009929
0.0099416
0.0099542
0.0099669
0.0099795
0.0099922
0.010005
0.010017
0.01003
0.010043
0.010056
0.010068
0.010081
0.010094
0.010107
0.010119
0.010132
0.010145
0.010158
0.010171
0.010183
0.010196
0.010209
0.010222
0.010235
0.010248
0.010261
0.010274
0.010287
0.0103
0.010313
0.010326
0.010339
0.010352
0.010365
0.010378
0.010391
0.010404
0.010417
0.01043
0.010443
0.010456
0.010469
0.010482
0.010496
0.010509
0.010522
0.010535
0.010548
0.010562
0.010575
0.010588
0.010601
0.010615
0.010628
0.010641
0.010654
0.010668
0.010681
0.010694
0.010708
0.010721
0.010735
0.010748
0.010761
0.010775
0.010788
0.010802
0.010815
0.010829
0.010842
0.010856
0.010869
0.010883
0.010896
0.01091
0.010923
0.010937
0.010951
0.010964
0.010978
0.010991
0.011005
0.011019
0.011032
0.011046
0.01106
0.011074
0.011087
0.011101
0.011115
0.011129
0.011142
0.011156
0.01117
0.011184
0.011198
0.011212
0.011225
0.011239
0.011253
0.011267
0.011281
0.011295
0.011309
0.011323
0.011337
0.011351
0.011365
0.011379
0.011393
0.011407
0.011421
0.011435
0.011449
0.011463
0.011477
0.011491
0.011506
0.01152
0.011534
0.011548
0.011562
0.011577
0.011591
0.011605
0.011619
0.011633
0.011648
0.011662
0.011676
0.011691
0.011705
0.011719
0.011734
0.011748
0.011762
0.011777
0.011791
0.011806
0.01182
0.011835
0.011849
0.011864
0.011878
0.011893
0.011907
0.011922
0.011936
0.011951
0.011965
0.01198
0.011995
0.012009
0.012024
0.012038
0.012053
0.012068
0.012082
0.012097
0.012112
0.012127
0.012141
0.012156
0.012171
0.012186
0.012201
0.012215
0.01223
0.012245
0.01226
0.012275
0.01229
0.012305
0.01232
0.012334
0.012349
0.012364
0.012379
0.012394
0.012409
0.012424
0.012439
0.012454
0.012469
0.012485
0.0125
0.012515
0.01253
0.012545
0.01256
0.012575
0.012591
0.012606
0.012621
0.012636
0.012651
0.012667
0.012682
0.012697
0.012712
0.012728
0.012743
0.012758
0.012774
0.012789
0.012804
0.01282
0.012835
0.012851
0.012866
0.012882
0.012897
0.012913
0.012928
0.012944
0.012959
0.012975
0.01299
0.013006
0.013021
0.013037
0.013053
0.013068
0.013084
0.013099
0.013115
0.013131
0.013147
0.013162
0.013178
0.013194
0.013209
0.013225
0.013241
0.013257
0.013273
0.013288
0.013304
0.01332
0.013336
0.013352
0.013368
0.013384
0.0134
0.013416
0.013432
0.013448
0.013464
0.01348
0.013496
0.013512
0.013528
0.013544
0.01356
0.013576
0.013592
0.013608
0.013624
0.013641
0.013657
0.013673
0.013689
0.013705
0.013722
0.013738
0.013754
0.01377
0.013787
0.013803
0.013819
0.013836
0.013852
0.013868
0.013885
0.013901
0.013918
0.013934
0.01395
0.013967
0.013983
0.014
0.014016
0.014033
0.014049
0.014066
0.014083
0.014099
0.014116
0.014132
0.014149
0.014166
0.014182
0.014199
0.014216
0.014232
0.014249
0.014266
0.014283
0.014299
0.014316
0.014333
0.01435
0.014367
0.014383
0.0144
0.014417
0.014434
0.014451
0.014468
0.014485
0.014502
0.014519
0.014536
0.014553
0.01457
0.014587
0.014604
0.014621
0.014638
0.014655
0.014672
0.014689
0.014706
0.014724
0.014741
0.014758
0.014775
0.014792
0.01481
0.014827
0.014844
0.014861
0.014879
0.014896
0.014913
0.014931
0.014948
0.014965
0.014983
0.015
0.015018
0.015035
0.015052
0.01507
0.015087
0.015105
0.015122
0.01514
0.015158
0.015175
0.015193
0.01521
0.015228
0.015245
0.015263
0.015281
0.015298
0.015316
0.015334
0.015352
0.015369
0.015387
0.015405
0.015423
0.01544
0.015458
0.015476
0.015494
0.015512
0.01553
0.015548
0.015566
0.015583
0.015601
0.015619
0.015637
0.015655
0.015673
0.015691
0.015709
0.015727
0.015746
0.015764
0.015782
0.0158
0.015818
0.015836
0.015854
0.015873
0.015891
0.015909
0.015927
0.015945
0.015964
0.015982
0.016
0.016019
0.016037
0.016055
0.016074
0.016092
0.016111
0.016129
0.016147
0.016166
0.016184
0.016203
0.016221
0.01624
0.016258
0.016277
0.016295
0.016314
0.016333
0.016351
0.01637
0.016389
0.016407
0.016426
0.016445
0.016463
0.016482
0.016501
0.01652
0.016538
0.016557
0.016576
0.016595
0.016614
0.016632
0.016651
0.01667
0.016689
0.016708
0.016727
0.016746
0.016765
0.016784
0.016803
0.016822
0.016841
0.01686
0.016879
0.016898
0.016917
0.016937
0.016956
0.016975
0.016994
0.017013
0.017033
0.017052
0.017071
0.01709
0.01711
0.017129
0.017148
0.017168
0.017187
0.017206
0.017226
0.017245
0.017264
0.017284
0.017303
0.017323
0.017342
0.017362
0.017381
0.017401
0.01742
0.01744
0.01746
0.017479
0.017499
0.017518
0.017538
0.017558
0.017578
0.017597
0.017617
0.017637
0.017656
0.017676
0.017696
0.017716
0.017736
0.017756
0.017775
0.017795
0.017815
0.017835
0.017855
0.017875
0.017895
0.017915
0.017935
0.017955
0.017975
0.017995
0.018015
0.018035
0.018055
0.018075
0.018096
0.018116
0.018136
0.018156
0.018176
0.018197
0.018217
0.018237
0.018257
0.018278
0.018298
0.018318
0.018339
0.018359
0.018379
0.0184
0.01842
0.018441
0.018461
0.018482
0.018502
0.018523
0.018543
0.018564
0.018584
0.018605
0.018626
0.018646
0.018667
0.018687
0.018708
0.018729
0.018749
0.01877
0.018791
0.018812
0.018832
0.018853
0.018874
0.018895
0.018916
0.018937
0.018958
0.018978
0.018999
0.01902
0.019041
0.019062
0.019083
0.019104
0.019125
0.019146
0.019167
0.019188
0.01921
0.019231
0.019252
0.019273
0.019294
0.019315
0.019337
0.019358
0.019379
0.0194
0.019422
0.019443
0.019464
0.019485
0.019507
0.019528
0.01955
0.019571
0.019592
0.019614
0.019635
0.019657
0.019678
0.0197
0.019721
0.019743
0.019764
0.019786
0.019808
0.019829
0.019851
0.019873
0.019894
0.019916
0.019938
0.019959
0.019981
0.020003
0.020025
0.020047
0.020068
0.02009
0.020112
0.020134
0.020156
0.020178
0.0202
0.020222
0.020244
0.020266
0.020288
0.02031
0.020332
0.020354
0.020376
0.020398
0.02042
0.020442
0.020464
0.020487
0.020509
0.020531
0.020553
0.020575
0.020598
0.02062
0.020642
0.020665
0.020687
0.020709
0.020732
0.020754
0.020777
0.020799
0.020822
0.020844
0.020866
0.020889
0.020912
0.020934
0.020957
0.020979
0.021002
0.021024
0.021047
0.02107
0.021092
0.021115
0.021138
0.021161
0.021183
0.021206
0.021229
0.021252
0.021275
0.021297
0.02132
0.021343
0.021366
0.021389
0.021412
0.021435
0.021458
0.021481
0.021504
0.021527
0.02155
0.021573
0.021596
0.021619
0.021643
0.021666
0.021689
0.021712
0.021735
0.021759
0.021782
0.021805
0.021828
0.021852
0.021875
0.021898
0.021922
0.021945
0.021969
0.021992
0.022015
0.022039
0.022062
0.022086
0.022109
0.022133
0.022156
0.02218
0.022204
0.022227
0.022251
0.022275
0.022298
0.022322
0.022346
0.022369
0.022393
0.022417
0.022441
0.022465
0.022488
0.022512
0.022536
0.02256
0.022584
0.022608
0.022632
0.022656
0.02268
0.022704
0.022728
0.022752
0.022776
0.0228
0.022824
0.022848
0.022872
0.022897
0.022921
0.022945
0.022969
0.022993
0.023018
0.023042
0.023066
0.023091
0.023115
0.023139
0.023164
0.023188
0.023213
0.023237
0.023261
0.023286
0.02331
0.023335
0.02336
0.023384
0.023409
0.023433
0.023458
0.023483
0.023507
0.023532
0.023557
0.023581
0.023606
0.023631
0.023656
0.02368
0.023705
0.02373
0.023755
0.02378
0.023805
0.02383
0.023855
0.02388
0.023905
0.02393
0.023955
0.02398
0.024005
0.02403
0.024055
0.02408
0.024105
0.02413
0.024155
0.024181
0.024206
0.024231
0.024256
0.024282
0.024307
0.024332
0.024358
0.024383
0.024408
0.024434
0.024459
0.024485
0.02451
0.024536
0.024561
0.024587
0.024612
0.024638
0.024663
0.024689
0.024715
0.02474
0.024766
0.024792
0.024817
0.024843
0.024869
0.024895
0.02492
0.024946
0.024972
0.024998
0.025024
0.02505
0.025076
0.025102
0.025128
0.025154
0.02518
0.025206
0.025232
0.025258
0.025284
0.02531
0.025336
0.025362
0.025388
0.025415
0.025441
0.025467
0.025493
0.025519
0.025546
0.025572
0.025598
0.025625
0.025651
0.025678
0.025704
0.02573
0.025757
0.025783
0.02581
0.025836
0.025863
0.025889
0.025916
0.025943
0.025969
0.025996
0.026023
0.026049
0.026076
0.026103
0.026129
0.026156
0.026183
0.02621
0.026237
0.026264
0.02629
0.026317
0.026344
0.026371
0.026398
0.026425
0.026452
0.026479
0.026506
0.026533
0.02656
0.026587
0.026615
0.026642
0.026669
0.026696
0.026723
0.026751
0.026778
0.026805
0.026832
0.02686
0.026887
0.026914
0.026942
0.026969
0.026997
0.027024
0.027052
0.027079
0.027107
0.027134
0.027162
0.027189
0.027217
0.027245
0.027272
0.0273
0.027328
0.027355
0.027383
0.027411
0.027439
0.027466
0.027494
0.027522
0.02755
0.027578
0.027606
0.027634
0.027662
0.027689
0.027717
0.027745
0.027774
0.027802
0.02783
0.027858
0.027886
0.027914
0.027942
0.02797
0.027999
0.028027
0.028055
0.028083
0.028112
0.02814
0.028168
0.028197
0.028225
0.028253
0.028282
0.02831
0.028339
0.028367
0.028396
0.028424
0.028453
0.028481
0.02851
0.028539
0.028567
0.028596
0.028625
0.028653
0.028682
0.028711
0.02874
0.028768
0.028797
0.028826
0.028855
0.028884
0.028913
0.028942
0.028971
0.029
0.029029
0.029058
0.029087
0.029116
0.029145
0.029174
0.029203
0.029232
0.029261
0.029291
0.02932
0.029349
0.029378
0.029408
0.029437
0.029466
0.029496
0.029525
0.029554
0.029584
0.029613
0.029643
0.029672
0.029702
0.029731
0.029761
0.02979
0.02982
0.02985
0.029879
0.029909
0.029939
0.029968
0.029998
0.030028
0.030058
0.030088
0.030117
0.030147
0.030177
0.030207
0.030237
0.030267
0.030297
0.030327
0.030357
0.030387
0.030417
0.030447
0.030477
0.030507
0.030537
0.030567
0.030598
0.030628
0.030658
0.030688
0.030719
0.030749
0.030779
0.03081
0.03084
0.03087
0.030901
0.030931
0.030962
0.030992
0.031023
0.031053
0.031084
0.031114
0.031145
0.031176
0.031206
0.031237
0.031268
0.031298
0.031329
0.03136
0.031391
0.031421
0.031452
0.031483
0.031514
0.031545
0.031576
0.031607
0.031638
0.031669
0.0317
0.031731
0.031762
0.031793
0.031824
0.031855
0.031886
0.031917
0.031949
0.03198
0.032011
0.032042
0.032074
0.032105
0.032136
0.032168
0.032199
0.032231
0.032262
0.032293
0.032325
0.032356
0.032388
0.032419
0.032451
0.032483
0.032514
0.032546
0.032578
0.032609
0.032641
0.032673
0.032705
0.032736
0.032768
0.0328
0.032832
0.032864
0.032896
0.032928
0.032959
0.032991
0.033023
0.033055
0.033088
0.03312
0.033152
0.033184
0.033216
0.033248
0.03328
0.033312
0.033345
0.033377
0.033409
0.033442
0.033474
0.033506
0.033539
0.033571
0.033603
0.033636
0.033668
0.033701
0.033733
0.033766
0.033798
0.033831
0.033864
0.033896
0.033929
0.033962
0.033994
0.034027
0.03406
0.034093
0.034125
0.034158
0.034191
0.034224
0.034257
0.03429
0.034323
0.034356
0.034389
0.034422
0.034455
0.034488
0.034521
0.034554
0.034587
0.03462
0.034654
0.034687
0.03472
0.034753
0.034787
0.03482
0.034853
0.034887
0.03492
0.034954
0.034987
0.03502
0.035054
0.035087
0.035121
0.035154
0.035188
0.035222
0.035255
0.035289
0.035323
0.035356
0.03539
0.035424
0.035458
0.035491
0.035525
0.035559
0.035593
0.035627
0.035661
0.035695
0.035729
0.035763
0.035797
0.035831
0.035865
0.035899
0.035933
0.035967
0.036001
0.036036
0.03607
0.036104
0.036138
0.036173
0.036207
0.036241
0.036276
0.03631
0.036344
0.036379
0.036413
0.036448
0.036482
0.036517
0.036551
0.036586
0.036621
0.036655
0.03669
0.036725
0.036759
0.036794
0.036829
0.036864
0.036898
0.036933
0.036968
0.037003
0.037038
0.037073
0.037108
0.037143
0.037178
0.037213
0.037248
0.037283
0.037318
0.037353
0.037388
0.037424
0.037459
0.037494
0.037529
0.037565
0.0376
0.037635
0.037671
0.037706
0.037741
0.037777
0.037812
0.037848
0.037883
0.037919
0.037954
0.03799
0.038026
0.038061
0.038097
0.038133
0.038168
0.038204
0.03824
0.038276
0.038311
0.038347
0.038383
0.038419
0.038455
0.038491
0.038527
0.038563
0.038599
0.038635
0.038671
0.038707
0.038743
0.038779
0.038816
0.038852
0.038888
0.038924
0.038961
0.038997
0.039033
0.039069
0.039106
0.039142
0.039179
0.039215
0.039252
0.039288
0.039325
0.039361
0.039398
0.039434
0.039471
0.039508
0.039544
0.039581
0.039618
0.039655
0.039691
0.039728
0.039765
0.039802
0.039839
0.039876
0.039913
0.03995
0.039987
0.040024
0.040061
0.040098
0.040135
0.040172
0.040209
0.040246
0.040284
0.040321
0.040358
0.040395
0.040433
0.04047
0.040507
0.040545
0.040582
0.04062
0.040657
0.040695
0.040732
0.04077
0.040807
0.040845
0.040882
0.04092
0.040958
0.040995
0.041033
0.041071
0.041109
0.041146
0.041184
0.041222
0.04126
0.041298
0.041336
0.041374
0.041412
0.04145
0.041488
0.041526
0.041564
0.041602
0.04164
0.041678
0.041717
0.041755
0.041793
0.041831
0.04187
0.041908
0.041946
0.041985
0.042023
0.042062
0.0421
0.042139
0.042177
0.042216
0.042254
0.042293
0.042331
0.04237
0.042409
0.042447
0.042486
0.042525
0.042564
0.042602
0.042641
0.04268
0.042719
0.042758
0.042797
0.042836
0.042875
0.042914
0.042953
0.042992
0.043031
0.04307
0.043109
0.043149
0.043188
0.043227
0.043266
0.043306
0.043345
0.043384
0.043424
0.043463
0.043502
0.043542
0.043581
0.043621
0.04366
0.0437
0.04374
0.043779
0.043819
0.043858
0.043898
0.043938
0.043978
0.044017
0.044057
0.044097
0.044137
0.044177
0.044217
0.044257
0.044297
0.044337
0.044377
0.044417
0.044457
0.044497
0.044537
0.044577
0.044617
0.044657
0.044698
0.044738
0.044778
0.044819
0.044859
0.044899
0.04494
0.04498
0.045021
0.045061
0.045102
0.045142
0.045183
0.045223
0.045264
0.045305
0.045345
0.045386
0.045427
0.045467
0.045508
0.045549
0.04559
0.045631
0.045672
0.045713
0.045753
0.045794
0.045835
0.045876
0.045918
0.045959
0.046
0.046041
0.046082
0.046123
0.046164
0.046206
0.046247
0.046288
0.04633
0.046371
0.046412
0.046454
0.046495
0.046537
0.046578
0.04662
0.046661
0.046703
0.046745
0.046786
0.046828
0.04687
0.046911
0.046953
0.046995
0.047037
0.047078
0.04712
0.047162
0.047204
0.047246
0.047288
0.04733
0.047372
0.047414
0.047456
0.047498
0.04754
0.047583
0.047625
0.047667
0.047709
0.047752
0.047794
0.047836
0.047879
0.047921
0.047963
0.048006
0.048048
0.048091
0.048133
0.048176
0.048219
0.048261
0.048304
0.048347
0.048389
0.048432
0.048475
0.048517
0.04856
0.048603
0.048646
0.048689
0.048732
0.048775
0.048818
0.048861
0.048904
0.048947
0.04899
0.049033
0.049076
0.04912
0.049163
0.049206
0.049249
0.049293
0.049336
0.049379
0.049423
0.049466
0.04951
0.049553
0.049596
0.04964
0.049684
0.049727
0.049771
0.049814
0.049858
0.049902
0.049946
0.049989
0.050033
0.050077
0.050121
0.050165
0.050208
0.050252
0.050296
0.05034
0.050384
0.050428
0.050473
0.050517
0.050561
0.050605
0.050649
0.050693
0.050738
0.050782
0.050826
0.05087
0.050915
0.050959
0.051004
0.051048
0.051093
0.051137
0.051182
0.051226
0.051271
0.051315
0.05136
0.051405
0.051449
0.051494
0.051539
0.051584
0.051629
0.051673
0.051718
0.051763
0.051808
0.051853
0.051898
0.051943
0.051988
0.052033
0.052078
0.052124
0.052169
0.052214
0.052259
0.052304
0.05235
0.052395
0.05244
0.052486
0.052531
0.052577
0.052622
0.052668
0.052713
0.052759
0.052804
0.05285
0.052896
0.052941
0.052987
0.053033
0.053078
0.053124
0.05317
0.053216
0.053262
0.053308
0.053354
0.0534
0.053446
0.053492
0.053538
0.053584
0.05363
0.053676
0.053722
0.053768
0.053815
0.053861
0.053907
0.053954
0.054
0.054046
0.054093
0.054139
0.054186
0.054232
0.054279
0.054325
0.054372
0.054418
0.054465
0.054512
0.054558
0.054605
0.054652
0.054699
0.054746
0.054792
0.054839
0.054886
0.054933
0.05498
0.055027
0.055074
0.055121
0.055168
0.055215
0.055263
0.05531
0.055357
0.055404
0.055452
0.055499
0.055546
0.055594
0.055641
0.055688
0.055736
0.055783
0.055831
0.055878
0.055926
0.055974
0.056021
0.056069
0.056117
0.056164
0.056212
0.05626
0.056308
0.056356
0.056403
0.056451
0.056499
0.056547
0.056595
0.056643
0.056691
0.056739
0.056788
0.056836
0.056884
0.056932
0.05698
0.057029
0.057077
0.057125
0.057174
0.057222
0.05727
0.057319
0.057367
0.057416
0.057464
0.057513
0.057562
0.05761
0.057659
0.057708
0.057756
0.057805
0.057854
0.057903
0.057952
0.058
0.058049
0.058098
0.058147
0.058196
0.058245
0.058294
0.058344
0.058393
0.058442
0.058491
0.05854
0.058589
0.058639
0.058688
0.058737
0.058787
0.058836
0.058886
0.058935
0.058985
0.059034
0.059084
0.059133
0.059183
0.059233
0.059282
0.059332
0.059382
0.059431
0.059481
0.059531
0.059581
0.059631
0.059681
0.059731
0.059781
0.059831
0.059881
0.059931
0.059981
0.060031
0.060081
0.060132
0.060182
0.060232
0.060282
0.060333
0.060383
0.060433
0.060484
0.060534
0.060585
0.060635
0.060686
0.060736
0.060787
0.060838
0.060888
0.060939
0.06099
0.061041
0.061091
0.061142
0.061193
0.061244
0.061295
0.061346
0.061397
0.061448
0.061499
0.06155
0.061601
0.061652
0.061703
0.061755
0.061806
0.061857
0.061908
0.06196
0.062011
0.062063
0.062114
0.062165
0.062217
0.062268
0.06232
0.062372
0.062423
0.062475
0.062527
0.062578
0.06263
0.062682
0.062734
0.062785
0.062837
0.062889
0.062941
0.062993
0.063045
0.063097
0.063149
0.063201
0.063253
0.063306
0.063358
0.06341
0.063462
0.063514
0.063567
0.063619
0.063671
0.063724
0.063776
0.063829
0.063881
0.063934
0.063986
0.064039
0.064092
0.064144
0.064197
0.06425
0.064303
0.064355
0.064408
0.064461
0.064514
0.064567
0.06462
0.064673
0.064726
0.064779
0.064832
0.064885
0.064938
0.064991
0.065044
0.065098
0.065151
0.065204
0.065258
0.065311
0.065364
0.065418
0.065471
0.065525
0.065578
0.065632
0.065685
0.065739
0.065793
0.065846
0.0659
0.065954
0.066008
0.066062
0.066115
0.066169
0.066223
0.066277
0.066331
0.066385
0.066439
0.066493
0.066547
0.066602
0.066656
0.06671
0.066764
0.066818
0.066873
0.066927
0.066981
0.067036
0.06709
0.067145
0.067199
0.067254
0.067308
0.067363
0.067418
0.067472
0.067527
0.067582
0.067636
0.067691
0.067746
0.067801
0.067856
0.067911
0.067966
0.068021
0.068076
0.068131
0.068186
0.068241
0.068296
0.068351
0.068406
0.068462
0.068517
0.068572
0.068628
0.068683
0.068738
0.068794
0.068849
0.068905
0.06896
0.069016
0.069072
0.069127
0.069183
0.069239
0.069294
0.06935
0.069406
0.069462
0.069518
0.069574
0.06963
0.069686
0.069742
0.069798
0.069854
0.06991
0.069966
0.070022
0.070078
0.070135
0.070191
0.070247
0.070303
0.07036
0.070416
0.070473
0.070529
0.070586
0.070642
0.070699
0.070755
0.070812
0.070869
0.070925
0.070982
0.071039
0.071096
0.071152
0.071209
0.071266
0.071323
0.07138
0.071437
0.071494
0.071551
0.071608
0.071665
0.071723
0.07178
0.071837
0.071894
0.071952
0.072009
0.072066
0.072124
0.072181
0.072239
0.072296
0.072354
0.072411
0.072469
0.072527
0.072584
0.072642
0.0727
0.072757
0.072815
0.072873
0.072931
0.072989
0.073047
0.073105
0.073163
0.073221
0.073279
0.073337
0.073395
0.073453
0.073511
0.07357
0.073628
0.073686
0.073745
0.073803
0.073861
0.07392
0.073978
0.074037
0.074095
0.074154
0.074213
0.074271
0.07433
0.074389
0.074447
0.074506
0.074565
0.074624
0.074683
0.074742
0.074801
0.07486
0.074919
0.074978
0.075037
0.075096
0.075155
0.075214
0.075273
0.075333
0.075392
0.075451
0.075511
0.07557
0.075629
0.075689
0.075748
0.075808
0.075868
0.075927
0.075987
0.076046
0.076106
0.076166
0.076226
0.076285
0.076345
0.076405
0.076465
0.076525
0.076585
0.076645
0.076705
0.076765
0.076825
0.076885
0.076946
0.077006
0.077066
0.077126
0.077187
0.077247
0.077307
0.077368
0.077428
0.077489
0.077549
0.07761
0.07767
0.077731
0.077792
0.077852
0.077913
0.077974
0.078035
0.078096
0.078156
0.078217
0.078278
0.078339
0.0784
0.078461
0.078522
0.078583
0.078645
0.078706
0.078767
0.078828
0.078889
0.078951
0.079012
0.079074
0.079135
0.079196
0.079258
0.079319
0.079381
0.079443
0.079504
0.079566
0.079628
0.079689
0.079751
0.079813
0.079875
0.079937
0.079998
0.08006
0.080122
0.080184
0.080246
0.080309
0.080371
0.080433
0.080495
0.080557
0.080619
0.080682
0.080744
0.080806
0.080869
0.080931
0.080994
0.081056
0.081119
0.081181
0.081244
0.081307
0.081369
0.081432
0.081495
0.081558
0.08162
0.081683
0.081746
0.081809
0.081872
0.081935
0.081998
0.082061
0.082124
0.082187
0.08225
0.082314
0.082377
0.08244
0.082503
0.082567
0.08263
0.082694
0.082757
0.082821
0.082884
0.082948
0.083011
0.083075
0.083138
0.083202
0.083266
0.08333
0.083393
0.083457
0.083521
0.083585
0.083649
0.083713
0.083777
0.083841
0.083905
0.083969
0.084033
0.084098
0.084162
0.084226
0.08429
0.084355
0.084419
0.084483
0.084548
0.084612
0.084677
0.084741
0.084806
0.084871
0.084935
0.085
0.085065
0.085129
0.085194
0.085259
0.085324
0.085389
0.085454
0.085519
0.085584
0.085649
0.085714
0.085779
0.085844
0.085909
0.085975
0.08604
0.086105
0.08617
0.086236
0.086301
0.086367
0.086432
0.086498
0.086563
0.086629
0.086694
0.08676
0.086826
0.086891
0.086957
0.087023
0.087089
0.087155
0.087221
0.087287
0.087353
0.087419
0.087485
0.087551
0.087617
0.087683
0.087749
0.087815
0.087882
0.087948
0.088014
0.088081
0.088147
0.088213
0.08828
0.088346
0.088413
0.08848
0.088546
0.088613
0.08868
0.088746
0.088813
0.08888
0.088947
0.089014
0.089081
0.089147
0.089214
0.089281
0.089349
0.089416
0.089483
0.08955
0.089617
0.089684
0.089752
0.089819
0.089886
0.089954
0.090021
0.090089
0.090156
0.090224
0.090291
0.090359
0.090426
0.090494
0.090562
0.09063
0.090697
0.090765
0.090833
0.090901
0.090969
0.091037
0.091105
0.091173
0.091241
0.091309
0.091377
0.091445
0.091514
0.091582
0.09165
0.091718
0.091787
0.091855
0.091924
0.091992
0.092061
0.092129
0.092198
0.092266
0.092335
0.092404
0.092472
0.092541
0.09261
0.092679
0.092748
0.092817
0.092886
0.092955
0.093024
0.093093
0.093162
0.093231
0.0933
0.093369
0.093439
0.093508
0.093577
0.093647
0.093716
0.093785
0.093855
0.093924
0.093994
0.094063
0.094133
0.094203
0.094272
0.094342
0.094412
0.094482
0.094552
0.094621
0.094691
0.094761
0.094831
0.094901
0.094971
0.095041
0.095112
0.095182
0.095252
0.095322
0.095392
0.095463
0.095533
0.095604
0.095674
0.095744
0.095815
0.095885
0.095956
0.096027
0.096097
0.096168
0.096239
0.09631
0.09638
0.096451
0.096522
0.096593
0.096664
0.096735
0.096806
0.096877
0.096948
0.097019
0.09709
0.097162
0.097233
0.097304
0.097375
0.097447
0.097518
0.09759
0.097661
0.097733
0.097804
0.097876
0.097947
0.098019
0.098091
0.098162
0.098234
0.098306
0.098378
0.09845
0.098522
0.098594
0.098666
0.098738
0.09881
0.098882
0.098954
0.099026
0.099098
0.099171
0.099243
0.099315
0.099388
0.09946
0.099532
0.099605
0.099677
0.09975
0.099823
0.099895
0.099968
0.10004
0.10011
0.10019
0.10026
0.10033
0.1004
0.10048
0.10055
0.10062
0.1007
0.10077
0.10084
0.10092
0.10099
0.10106
0.10114
0.10121
0.10128
0.10136
0.10143
0.1015
0.10158
0.10165
0.10172
0.1018
0.10187
0.10194
0.10202
0.10209
0.10217
0.10224
0.10231
0.10239
0.10246
0.10253
0.10261
0.10268
0.10276
0.10283
0.10291
0.10298
0.10305
0.10313
0.1032
0.10328
0.10335
0.10343
0.1035
0.10357
0.10365
0.10372
0.1038
0.10387
0.10395
0.10402
0.1041
0.10417
0.10425
0.10432
0.1044
0.10447
0.10455
0.10462
0.1047
0.10477
0.10485
0.10492
0.105
0.10507
0.10515
0.10522
0.1053
0.10537
0.10545
0.10553
0.1056
0.10568
0.10575
0.10583
0.1059
0.10598
0.10606
0.10613
0.10621
0.10628
0.10636
0.10643
0.10651
0.10659
0.10666
0.10674
0.10682
0.10689
0.10697
0.10704
0.10712
0.1072
0.10727
0.10735
0.10743
0.1075
0.10758
0.10766
0.10773
0.10781
0.10789
0.10796
0.10804
0.10812
0.10819
0.10827
0.10835
0.10842
0.1085
0.10858
0.10865
0.10873
0.10881
0.10889
0.10896
0.10904
0.10912
0.1092
0.10927
0.10935
0.10943
0.10951
0.10958
0.10966
0.10974
0.10982
0.10989
0.10997
0.11005
0.11013
0.1102
0.11028
0.11036
0.11044
0.11052
0.11059
0.11067
0.11075
0.11083
0.11091
0.11099
0.11106
0.11114
0.11122
0.1113
0.11138
0.11146
0.11153
0.11161
0.11169
0.11177
0.11185
0.11193
0.11201
0.11208
0.11216
0.11224
0.11232
0.1124
0.11248
0.11256
0.11264
0.11272
0.1128
0.11287
0.11295
0.11303
0.11311
0.11319
0.11327
0.11335
0.11343
0.11351
0.11359
0.11367
0.11375
0.11383
0.11391
0.11399
0.11407
0.11415
0.11423
0.11431
0.11439
0.11447
0.11455
0.11463
0.11471
0.11479
0.11487
0.11495
0.11503
0.11511
0.11519
0.11527
0.11535
0.11543
0.11551
0.11559
0.11567
0.11575
0.11583
0.11591
0.11599
0.11607
0.11615
0.11624
0.11632
0.1164
0.11648
0.11656
0.11664
0.11672
0.1168
0.11688
0.11696
0.11705
0.11713
0.11721
0.11729
0.11737
0.11745
0.11753
0.11762
0.1177
0.11778
0.11786
0.11794
0.11802
0.11811
0.11819
0.11827
0.11835
0.11843
0.11851
0.1186
0.11868
0.11876
0.11884
0.11892
0.11901
0.11909
0.11917
0.11925
0.11934
0.11942
0.1195
0.11958
0.11967
0.11975
0.11983
0.11991
0.12
0.12008
0.12016
0.12024
0.12033
0.12041
0.12049
0.12058
0.12066
0.12074
0.12082
0.12091
0.12099
0.12107
0.12116
0.12124
0.12132
0.12141
0.12149
0.12157
0.12166
0.12174
0.12182
0.12191
0.12199
0.12207
0.12216
0.12224
0.12233
0.12241
0.12249
0.12258
0.12266
0.12274
0.12283
0.12291
0.123
0.12308
0.12317
0.12325
0.12333
0.12342
0.1235
0.12359
0.12367
0.12376
0.12384
0.12392
0.12401
0.12409
0.12418
0.12426
0.12435
0.12443
0.12452
0.1246
0.12469
0.12477
0.12486
0.12494
0.12503
0.12511
0.1252
0.12528
0.12537
0.12545
0.12554
0.12562
0.12571
0.12579
0.12588
0.12596
0.12605
0.12614
0.12622
0.12631
0.12639
0.12648
0.12656
0.12665
0.12674
0.12682
0.12691
0.12699
0.12708
0.12716
0.12725
0.12734
0.12742
0.12751
0.1276
0.12768
0.12777
0.12785
0.12794
0.12803
0.12811
0.1282
0.12829
0.12837
0.12846
0.12855
0.12863
0.12872
0.12881
0.12889
0.12898
0.12907
0.12915
0.12924
0.12933
0.12942
0.1295
0.12959
0.12968
0.12976
0.12985
0.12994
0.13003
0.13011
0.1302
0.13029
0.13038
0.13046
0.13055
0.13064
0.13073
0.13081
0.1309
0.13099
0.13108
0.13117
0.13125
0.13134
0.13143
0.13152
0.13161
0.13169
0.13178
0.13187
0.13196
0.13205
0.13213
0.13222
0.13231
0.1324
0.13249
0.13258
0.13267
0.13275
0.13284
0.13293
0.13302
0.13311
0.1332
0.13329
0.13338
0.13346
0.13355
0.13364
0.13373
0.13382
0.13391
0.134
0.13409
0.13418
0.13427
0.13436
0.13444
0.13453
0.13462
0.13471
0.1348
0.13489
0.13498
0.13507
0.13516
0.13525
0.13534
0.13543
0.13552
0.13561
0.1357
0.13579
0.13588
0.13597
0.13606
0.13615
0.13624
0.13633
0.13642
0.13651
0.1366
0.13669
0.13678
0.13687
0.13696
0.13705
0.13714
0.13724
0.13733
0.13742
0.13751
0.1376
0.13769
0.13778
0.13787
0.13796
0.13805
0.13814
0.13824
0.13833
0.13842
0.13851
0.1386
0.13869
0.13878
0.13887
0.13897
0.13906
0.13915
0.13924
0.13933
0.13942
0.13951
0.13961
0.1397
0.13979
0.13988
0.13997
0.14007
0.14016
0.14025
0.14034
0.14043
0.14053
0.14062
0.14071
0.1408
0.14089
0.14099
0.14108
0.14117
0.14126
0.14136
0.14145
0.14154
0.14163
0.14173
0.14182
0.14191
0.142
0.1421
0.14219
0.14228
0.14238
0.14247
0.14256
0.14266
0.14275
0.14284
0.14293
0.14303
0.14312
0.14321
0.14331
0.1434
0.14349
0.14359
0.14368
0.14377
0.14387
0.14396
0.14406
0.14415
0.14424
0.14434
0.14443
0.14452
0.14462
0.14471
0.14481
0.1449
0.14499
0.14509
0.14518
0.14528
0.14537
0.14547
0.14556
0.14565
0.14575
0.14584
0.14594
0.14603
0.14613
0.14622
0.14632
0.14641
0.14651
0.1466
0.14669
0.14679
0.14688
0.14698
0.14707
0.14717
0.14726
0.14736
0.14745
0.14755
0.14765
0.14774
0.14784
0.14793
0.14803
0.14812
0.14822
0.14831
0.14841
0.1485
0.1486
0.1487
0.14879
0.14889
0.14898
0.14908
0.14917
0.14927
0.14937
0.14946
0.14956
0.14965
0.14975
0.14985
0.14994
0.15004
0.15014
0.15023
0.15033
0.15042
0.15052
0.15062
0.15071
0.15081
0.15091
0.151
0.1511
0.1512
0.15129
0.15139
0.15149
0.15159
0.15168
0.15178
0.15188
0.15197
0.15207
0.15217
0.15226
0.15236
0.15246
0.15256
0.15265
0.15275
0.15285
0.15295
0.15304
0.15314
0.15324
0.15334
0.15343
0.15353
0.15363
0.15373
0.15383
0.15392
0.15402
0.15412
0.15422
0.15432
0.15441
0.15451
0.15461
0.15471
0.15481
0.1549
0.155
0.1551
0.1552
0.1553
0.1554
0.1555
0.15559
0.15569
0.15579
0.15589
0.15599
0.15609
0.15619
0.15629
0.15638
0.15648
0.15658
0.15668
0.15678
0.15688
0.15698
0.15708
0.15718
0.15728
0.15738
0.15748
0.15758
0.15767
0.15777
0.15787
0.15797
0.15807
0.15817
0.15827
0.15837
0.15847
0.15857
0.15867
0.15877
0.15887
0.15897
0.15907
0.15917
0.15927
0.15937
0.15947
0.15957
0.15967
0.15977
0.15987
0.15997
0.16008
0.16018
0.16028
0.16038
0.16048
0.16058
0.16068
0.16078
0.16088
0.16098
0.16108
0.16118
0.16128
0.16139
0.16149
0.16159
0.16169
0.16179
0.16189
0.16199
0.16209
0.16219
0.1623
0.1624
0.1625
0.1626
0.1627
0.1628
0.16291
0.16301
0.16311
0.16321
0.16331
0.16341
0.16352
0.16362
0.16372
0.16382
0.16392
0.16403
0.16413
0.16423
0.16433
0.16444
0.16454
0.16464
0.16474
0.16484
0.16495
0.16505
0.16515
0.16525
0.16536
0.16546
0.16556
0.16567
0.16577
0.16587
0.16597
0.16608
0.16618
0.16628
0.16639
0.16649
0.16659
0.1667
0.1668
0.1669
0.16701
0.16711
0.16721
0.16732
0.16742
0.16752
0.16763
0.16773
0.16783
0.16794
0.16804
0.16814
0.16825
0.16835
0.16846
0.16856
0.16866
0.16877
0.16887
0.16898
0.16908
0.16918
0.16929
0.16939
0.1695
0.1696
0.16971
0.16981
0.16992
0.17002
0.17012
0.17023
0.17033
0.17044
0.17054
0.17065
0.17075
0.17086
0.17096
0.17107
0.17117
0.17128
0.17138
0.17149
0.17159
0.1717
0.1718
0.17191
0.17201
0.17212
0.17222
0.17233
0.17244
0.17254
0.17265
0.17275
0.17286
0.17296
0.17307
0.17318
0.17328
0.17339
0.17349
0.1736
0.1737
0.17381
0.17392
0.17402
0.17413
0.17424
0.17434
0.17445
0.17455
0.17466
0.17477
0.17487
0.17498
0.17509
0.17519
0.1753
0.17541
0.17551
0.17562
0.17573
0.17583
0.17594
0.17605
0.17615
0.17626
0.17637
0.17648
0.17658
0.17669
0.1768
0.1769
0.17701
0.17712
0.17723
0.17733
0.17744
0.17755
0.17766
0.17776
0.17787
0.17798
0.17809
0.17819
0.1783
0.17841
0.17852
0.17863
0.17873
0.17884
0.17895
0.17906
0.17917
0.17927
0.17938
0.17949
0.1796
0.17971
0.17981
0.17992
0.18003
0.18014
0.18025
0.18036
0.18047
0.18057
0.18068
0.18079
0.1809
0.18101
0.18112
0.18123
0.18134
0.18145
0.18155
0.18166
0.18177
0.18188
0.18199
0.1821
0.18221
0.18232
0.18243
0.18254
0.18265
0.18276
0.18287
0.18298
0.18309
0.1832
0.1833
0.18341
0.18352
0.18363
0.18374
0.18385
0.18396
0.18407
0.18418
0.18429
0.1844
0.18451
0.18462
0.18473
0.18484
0.18496
0.18507
0.18518
0.18529
0.1854
0.18551
0.18562
0.18573
0.18584
0.18595
0.18606
0.18617
0.18628
0.18639
0.1865
0.18662
0.18673
0.18684
0.18695
0.18706
0.18717
0.18728
0.18739
0.1875
0.18762
0.18773
0.18784
0.18795
0.18806
0.18817
0.18828
0.1884
0.18851
0.18862
0.18873
0.18884
0.18895
0.18907
0.18918
0.18929
0.1894
0.18951
0.18963
0.18974
0.18985
0.18996
0.19008
0.19019
0.1903
0.19041
0.19052
0.19064
0.19075
0.19086
0.19097
0.19109
0.1912
0.19131
0.19143
0.19154
0.19165
0.19176
0.19188
0.19199
0.1921
0.19222
0.19233
0.19244
0.19256
0.19267
0.19278
0.19289
0.19301
0.19312
0.19323
0.19335
0.19346
0.19358
0.19369
0.1938
0.19392
0.19403
0.19414
0.19426
0.19437
0.19449
0.1946
0.19471
0.19483
0.19494
0.19506
0.19517
0.19528
0.1954
0.19551
0.19563
0.19574
0.19585
0.19597
0.19608
0.1962
0.19631
0.19643
0.19654
0.19666
0.19677
0.19689
0.197
0.19712
0.19723
0.19735
0.19746
0.19758
0.19769
0.19781
0.19792
0.19804
0.19815
0.19827
0.19838
0.1985
0.19861
0.19873
0.19884
0.19896
0.19907
0.19919
0.1993
0.19942
0.19954
0.19965
0.19977
0.19988
0.2
0.20012
0.20023
0.20035
0.20046
0.20058
0.2007
0.20081
0.20093
0.20104
0.20116
0.20128
0.20139
0.20151
0.20163
0.20174
0.20186
0.20197
0.20209
0.20221
0.20232
0.20244
0.20256
0.20268
0.20279
0.20291
0.20303
0.20314
0.20326
0.20338
0.20349
0.20361
0.20373
0.20385
0.20396
0.20408
0.2042
0.20431
0.20443
0.20455
0.20467
0.20478
0.2049
0.20502
0.20514
0.20526
0.20537
0.20549
0.20561
0.20573
0.20584
0.20596
0.20608
0.2062
0.20632
0.20643
0.20655
0.20667
0.20679
0.20691
0.20703
0.20714
0.20726
0.20738
0.2075
0.20762
0.20774
0.20786
0.20797
0.20809
0.20821
0.20833
0.20845
0.20857
0.20869
0.20881
0.20892
0.20904
0.20916
0.20928
0.2094
0.20952
0.20964
0.20976
0.20988
0.21
0.21012
0.21024
0.21036
0.21047
0.21059
0.21071
0.21083
0.21095
0.21107
0.21119
0.21131
0.21143
0.21155
0.21167
0.21179
0.21191
0.21203
0.21215
0.21227
0.21239
0.21251
0.21263
0.21275
0.21287
0.21299
0.21311
0.21324
0.21336
0.21348
0.2136
0.21372
0.21384
0.21396
0.21408
0.2142
0.21432
0.21444
0.21456
0.21468
0.2148
0.21493
0.21505
0.21517
0.21529
0.21541
0.21553
0.21565
0.21577
0.2159
0.21602
0.21614
0.21626
0.21638
0.2165
0.21662
0.21675
0.21687
0.21699
0.21711
0.21723
0.21735
0.21748
0.2176
0.21772
0.21784
0.21796
0.21809
0.21821
0.21833
0.21845
0.21858
0.2187
0.21882
0.21894
0.21906
0.21919
0.21931
0.21943
0.21955
0.21968
0.2198
0.21992
0.22005
0.22017
0.22029
0.22041
0.22054
0.22066
0.22078
0.22091
0.22103
0.22115
0.22127
0.2214
0.22152
0.22164
0.22177
0.22189
0.22201
0.22214
0.22226
0.22238
0.22251
0.22263
0.22276
0.22288
0.223
0.22313
0.22325
0.22337
0.2235
0.22362
0.22375
0.22387
0.22399
0.22412
0.22424
0.22437
0.22449
0.22461
0.22474
0.22486
0.22499
0.22511
0.22524
0.22536
0.22549
0.22561
0.22573
0.22586
0.22598
0.22611
0.22623
0.22636
0.22648
0.22661
0.22673
0.22686
0.22698
0.22711
0.22723
0.22736
0.22748
0.22761
0.22773
0.22786
0.22798
0.22811
0.22823
0.22836
0.22849
0.22861
0.22874
0.22886
0.22899
0.22911
0.22924
0.22936
0.22949
0.22962
0.22974
0.22987
0.22999
0.23012
0.23025
0.23037
0.2305
0.23062
0.23075
0.23088
0.231
0.23113
0.23126
0.23138
0.23151
0.23164
0.23176
0.23189
0.23201
0.23214
0.23227
0.23239
0.23252
0.23265
0.23278
0.2329
0.23303
0.23316
0.23328
0.23341
0.23354
0.23366
0.23379
0.23392
0.23405
0.23417
0.2343
0.23443
0.23455
0.23468
0.23481
0.23494
0.23506
0.23519
0.23532
0.23545
0.23558
0.2357
0.23583
0.23596
0.23609
0.23621
0.23634
0.23647
0.2366
0.23673
0.23685
0.23698
0.23711
0.23724
0.23737
0.2375
0.23762
0.23775
0.23788
0.23801
0.23814
0.23827
0.23839
0.23852
0.23865
0.23878
0.23891
0.23904
0.23917
0.2393
0.23942
0.23955
0.23968
0.23981
0.23994
0.24007
0.2402
0.24033
0.24046
0.24059
0.24071
0.24084
0.24097
0.2411
0.24123
0.24136
0.24149
0.24162
0.24175
0.24188
0.24201
0.24214
0.24227
0.2424
0.24253
0.24266
0.24279
0.24292
0.24305
0.24318
0.24331
0.24344
0.24357
0.2437
0.24383
0.24396
0.24409
0.24422
0.24435
0.24448
0.24461
0.24474
0.24487
0.245
0.24513
0.24526
0.24539
0.24552
0.24566
0.24579
0.24592
0.24605
0.24618
0.24631
0.24644
0.24657
0.2467
0.24683
0.24697
0.2471
0.24723
0.24736
0.24749
0.24762
0.24775
0.24788
0.24802
0.24815
0.24828
0.24841
0.24854
0.24867
0.2488
0.24894
0.24907
0.2492
0.24933
0.24946
0.2496
0.24973
0.24986
0.24999
0.25012
0.25026
0.25039
0.25052
0.25065
0.25078
0.25092
0.25105
0.25118
0.25131
0.25145
0.25158
0.25171
0.25184
0.25198
0.25211
0.25224
0.25237
0.25251
0.25264
0.25277
0.25291
0.25304
0.25317
0.2533
0.25344
0.25357
0.2537
0.25384
0.25397
0.2541
0.25424
0.25437
0.2545
0.25464
0.25477
0.2549
0.25504
0.25517
0.2553
0.25544
0.25557
0.2557
0.25584
0.25597
0.25611
0.25624
0.25637
0.25651
0.25664
0.25677
0.25691
0.25704
0.25718
0.25731
0.25745
0.25758
0.25771
0.25785
0.25798
0.25812
0.25825
0.25839
0.25852
0.25865
0.25879
0.25892
0.25906
0.25919
0.25933
0.25946
0.2596
0.25973
0.25987
0.26
0.26014
0.26027
0.26041
0.26054
0.26068
0.26081
0.26095
0.26108
0.26122
0.26135
0.26149
0.26162
0.26176
0.26189
0.26203
0.26216
0.2623
0.26243
0.26257
0.26271
0.26284
0.26298
0.26311
0.26325
0.26338
0.26352
0.26366
0.26379
0.26393
0.26406
0.2642
0.26434
0.26447
0.26461
0.26474
0.26488
0.26502
0.26515
0.26529
0.26543
0.26556
0.2657
0.26583
0.26597
0.26611
0.26624
0.26638
0.26652
0.26665
0.26679
0.26693
0.26706
0.2672
0.26734
0.26747
0.26761
0.26775
0.26789
0.26802
0.26816
0.2683
0.26843
0.26857
0.26871
0.26885
0.26898
0.26912
0.26926
0.26939
0.26953
0.26967
0.26981
0.26994
0.27008
0.27022
0.27036
0.2705
0.27063
0.27077
0.27091
0.27105
0.27118
0.27132
0.27146
0.2716
0.27174
0.27187
0.27201
0.27215
0.27229
0.27243
0.27257
0.2727
0.27284
0.27298
0.27312
0.27326
0.2734
0.27353
0.27367
0.27381
0.27395
0.27409
0.27423
0.27437
0.2745
0.27464
0.27478
0.27492
0.27506
0.2752
0.27534
0.27548
0.27562
0.27575
0.27589
0.27603
0.27617
0.27631
0.27645
0.27659
0.27673
0.27687
0.27701
0.27715
0.27729
0.27743
0.27757
0.2777
0.27784
0.27798
0.27812
0.27826
0.2784
0.27854
0.27868
0.27882
0.27896
0.2791
0.27924
0.27938
0.27952
0.27966
0.2798
0.27994
0.28008
0.28022
0.28036
0.2805
0.28064
0.28078
0.28092
0.28106
0.28121
0.28135
0.28149
0.28163
0.28177
0.28191
0.28205
0.28219
0.28233
0.28247
0.28261
0.28275
0.28289
0.28303
0.28318
0.28332
0.28346
0.2836
0.28374
0.28388
0.28402
0.28416
0.2843
0.28444
0.28459
0.28473
0.28487
0.28501
0.28515
0.28529
0.28543
0.28558
0.28572
0.28586
0.286
0.28614
0.28628
0.28643
0.28657
0.28671
0.28685
0.28699
0.28714
0.28728
0.28742
0.28756
0.2877
0.28785
0.28799
0.28813
0.28827
0.28841
0.28856
0.2887
0.28884
0.28898
0.28913
0.28927
0.28941
0.28955
0.2897
0.28984
0.28998
0.29012
0.29027
0.29041
0.29055
0.29069
0.29084
0.29098
0.29112
0.29127
0.29141
0.29155
0.29169
0.29184
0.29198
0.29212
0.29227
0.29241
0.29255
0.2927
0.29284
0.29298
0.29313
0.29327
0.29341
0.29356
0.2937
0.29384
0.29399
0.29413
0.29427
0.29442
0.29456
0.2947
0.29485
0.29499
0.29514
0.29528
0.29542
0.29557
0.29571
0.29586
0.296
0.29614
0.29629
0.29643
0.29658
0.29672
0.29686
0.29701
0.29715
0.2973
0.29744
0.29759
0.29773
0.29787
0.29802
0.29816
0.29831
0.29845
0.2986
0.29874
0.29889
0.29903
0.29918
0.29932
0.29947
0.29961
0.29975
0.2999
0.30004
0.30019
0.30033
0.30048
0.30062
0.30077
0.30091
0.30106
0.30121
0.30135
0.3015
0.30164
0.30179
0.30193
0.30208
0.30222
0.30237
0.30251
0.30266
0.3028
0.30295
0.3031
0.30324
0.30339
0.30353
0.30368
0.30382
0.30397
0.30412
0.30426
0.30441
0.30455
0.3047
0.30485
0.30499
0.30514
0.30528
0.30543
0.30558
0.30572
0.30587
0.30601
0.30616
0.30631
0.30645
0.3066
0.30675
0.30689
0.30704
0.30719
0.30733
0.30748
0.30762
0.30777
0.30792
0.30806
0.30821
0.30836
0.30851
0.30865
0.3088
0.30895
0.30909
0.30924
0.30939
0.30953
0.30968
0.30983
0.30997
0.31012
0.31027
0.31042
0.31056
0.31071
0.31086
0.31101
0.31115
0.3113
0.31145
0.31159
0.31174
0.31189
0.31204
0.31218
0.31233
0.31248
0.31263
0.31278
0.31292
0.31307
0.31322
0.31337
0.31351
0.31366
0.31381
0.31396
0.31411
0.31425
0.3144
0.31455
0.3147
0.31485
0.31499
0.31514
0.31529
0.31544
0.31559
0.31574
0.31588
0.31603
0.31618
0.31633
0.31648
0.31663
0.31677
0.31692
0.31707
0.31722
0.31737
0.31752
0.31767
0.31781
0.31796
0.31811
0.31826
0.31841
0.31856
0.31871
0.31886
0.31901
0.31915
0.3193
0.31945
0.3196
0.31975
0.3199
0.32005
0.3202
0.32035
0.3205
0.32065
0.3208
0.32095
0.32109
0.32124
0.32139
0.32154
0.32169
0.32184
0.32199
0.32214
0.32229
0.32244
0.32259
0.32274
0.32289
0.32304
0.32319
0.32334
0.32349
0.32364
0.32379
0.32394
0.32409
0.32424
0.32439
0.32454
0.32469
0.32484
0.32499
0.32514
0.32529
0.32544
0.32559
0.32574
0.32589
0.32604
0.32619
0.32634
0.32649
0.32664
0.32679
0.32694
0.32709
0.32724
0.3274
0.32755
0.3277
0.32785
0.328
0.32815
0.3283
0.32845
0.3286
0.32875
0.3289
0.32905
0.3292
0.32936
0.32951
0.32966
0.32981
0.32996
0.33011
0.33026
0.33041
0.33056
0.33072
0.33087
0.33102
0.33117
0.33132
0.33147
0.33162
0.33178
0.33193
0.33208
0.33223
0.33238
0.33253
0.33268
0.33284
0.33299
0.33314
0.33329
0.33344
0.33359
0.33375
0.3339
0.33405
0.3342
0.33435
0.33451
0.33466
0.33481
0.33496
0.33511
0.33527
0.33542
0.33557
0.33572
0.33587
0.33603
0.33618
0.33633
0.33648
0.33664
0.33679
0.33694
0.33709
0.33725
0.3374
0.33755
0.3377
0.33786
0.33801
0.33816
0.33831
0.33847
0.33862
0.33877
0.33892
0.33908
0.33923
0.33938
0.33953
0.33969
0.33984
0.33999
0.34015
0.3403
0.34045
0.34061
0.34076
0.34091
0.34106
0.34122
0.34137
0.34152
0.34168
0.34183
0.34198
0.34214
0.34229
0.34244
0.3426
0.34275
0.3429
0.34306
0.34321
0.34336
0.34352
0.34367
0.34382
0.34398
0.34413
0.34429
0.34444
0.34459
0.34475
0.3449
0.34505
0.34521
0.34536
0.34552
0.34567
0.34582
0.34598
0.34613
0.34629
0.34644
0.34659
0.34675
0.3469
0.34706
0.34721
0.34736
0.34752
0.34767
0.34783
0.34798
0.34814
0.34829
0.34844
0.3486
0.34875
0.34891
0.34906
0.34922
0.34937
0.34953
0.34968
0.34983
0.34999
0.35014
0.3503
0.35045
0.35061
0.35076
0.35092
0.35107
0.35123
0.35138
0.35154
0.35169
0.35185
0.352
0.35216
0.35231
0.35247
0.35262
0.35278
0.35293
0.35309
0.35324
0.3534
0.35355
0.35371
0.35386
0.35402
0.35417
0.35433
0.35448
0.35464
0.35479
0.35495
0.3551
0.35526
0.35541
0.35557
0.35573
0.35588
0.35604
0.35619
0.35635
0.3565
0.35666
0.35682
0.35697
0.35713
0.35728
0.35744
0.35759
0.35775
0.35791
0.35806
0.35822
0.35837
0.35853
0.35868
0.35884
0.359
0.35915
0.35931
0.35946
0.35962
0.35978
0.35993
0.36009
0.36025
0.3604
0.36056
0.36071
0.36087
0.36103
0.36118
0.36134
0.3615
0.36165
0.36181
0.36197
0.36212
0.36228
0.36243
0.36259
0.36275
0.3629
0.36306
0.36322
0.36337
0.36353
0.36369
0.36384
0.364
0.36416
0.36431
0.36447
0.36463
0.36478
0.36494
0.3651
0.36526
0.36541
0.36557
0.36573
0.36588
0.36604
0.3662
0.36635
0.36651
0.36667
0.36683
0.36698
0.36714
0.3673
0.36745
0.36761
0.36777
0.36793
0.36808
0.36824
0.3684
0.36856
0.36871
0.36887
0.36903
0.36919
0.36934
0.3695
0.36966
0.36982
0.36997
0.37013
0.37029
0.37045
0.3706
0.37076
0.37092
0.37108
0.37123
0.37139
0.37155
0.37171
0.37187
0.37202
0.37218
0.37234
0.3725
0.37265
0.37281
0.37297
0.37313
0.37329
0.37344
0.3736
0.37376
0.37392
0.37408
0.37423
0.37439
0.37455
0.37471
0.37487
0.37503
0.37518
0.37534
0.3755
0.37566
0.37582
0.37598
0.37613
0.37629
0.37645
0.37661
0.37677
0.37693
0.37708
0.37724
0.3774
0.37756
0.37772
0.37788
0.37804
0.37819
0.37835
0.37851
0.37867
0.37883
0.37899
0.37915
0.37931
0.37946
0.37962
0.37978
0.37994
0.3801
0.38026
0.38042
0.38058
0.38074
0.38089
0.38105
0.38121
0.38137
0.38153
0.38169
0.38185
0.38201
0.38217
0.38233
0.38249
0.38264
0.3828
0.38296
0.38312
0.38328
0.38344
0.3836
0.38376
0.38392
0.38408
0.38424
0.3844
0.38456
0.38472
0.38487
0.38503
0.38519
0.38535
0.38551
0.38567
0.38583
0.38599
0.38615
0.38631
0.38647
0.38663
0.38679
0.38695
0.38711
0.38727
0.38743
0.38759
0.38775
0.38791
0.38807
0.38823
0.38839
0.38855
0.38871
0.38887
0.38903
0.38919
0.38935
0.38951
0.38967
0.38983
0.38999
0.39015
0.39031
0.39047
0.39063
0.39079
0.39095
0.39111
0.39127
0.39143
0.39159
0.39175
0.39191
0.39207
0.39223
0.39239
0.39255
0.39271
0.39287
0.39303
0.39319
0.39335
0.39351
0.39367
0.39383
0.39399
0.39415
0.39431
0.39447
0.39463
0.3948
0.39496
0.39512
0.39528
0.39544
0.3956
0.39576
0.39592
0.39608
0.39624
0.3964
0.39656
0.39672
0.39688
0.39704
0.3972
0.39737
0.39753
0.39769
0.39785
0.39801
0.39817
0.39833
0.39849
0.39865
0.39881
0.39897
0.39914
0.3993
0.39946
0.39962
0.39978
0.39994
0.4001
0.40026
0.40042
0.40058
0.40075
0.40091
0.40107
0.40123
0.40139
0.40155
0.40171
0.40187
0.40204
0.4022
0.40236
0.40252
0.40268
0.40284
0.403
0.40316
0.40333
0.40349
0.40365
0.40381
0.40397
0.40413
0.40429
0.40446
0.40462
0.40478
0.40494
0.4051
0.40526
0.40543
0.40559
0.40575
0.40591
0.40607
0.40623
0.40639
0.40656
0.40672
0.40688
0.40704
0.4072
0.40737
0.40753
0.40769
0.40785
0.40801
0.40817
0.40834
0.4085
0.40866
0.40882
0.40898
0.40915
0.40931
0.40947
0.40963
0.40979
0.40995
0.41012
0.41028
0.41044
0.4106
0.41076
0.41093
0.41109
0.41125
0.41141
0.41157
0.41174
0.4119
0.41206
0.41222
0.41239
0.41255
0.41271
0.41287
0.41303
0.4132
0.41336
0.41352
0.41368
0.41385
0.41401
0.41417
0.41433
0.41449
0.41466
0.41482
0.41498
0.41514
0.41531
0.41547
0.41563
0.41579
0.41596
0.41612
0.41628
0.41644
0.41661
0.41677
0.41693
0.41709
0.41726
0.41742
0.41758
0.41774
0.41791
0.41807
0.41823
0.41839
0.41856
0.41872
0.41888
0.41904
0.41921
0.41937
0.41953
0.4197
0.41986
0.42002
0.42018
0.42035
0.42051
0.42067
0.42083
0.421
0.42116
0.42132
0.42149
0.42165
0.42181
0.42197
0.42214
0.4223
0.42246
0.42263
0.42279
0.42295
0.42311
0.42328
0.42344
0.4236
0.42377
0.42393
0.42409
0.42426
0.42442
0.42458
0.42474
0.42491
0.42507
0.42523
0.4254
0.42556
0.42572
0.42589
0.42605
0.42621
0.42638
0.42654
0.4267
0.42687
0.42703
0.42719
0.42736
0.42752
0.42768
0.42784
0.42801
0.42817
0.42833
0.4285
0.42866
0.42882
0.42899
0.42915
0.42931
0.42948
0.42964
0.4298
0.42997
0.43013
0.43029
0.43046
0.43062
0.43078
0.43095
0.43111
0.43128
0.43144
0.4316
0.43177
0.43193
0.43209
0.43226
0.43242
0.43258
0.43275
0.43291
0.43307
0.43324
0.4334
0.43356
0.43373
0.43389
0.43405
0.43422
0.43438
0.43455
0.43471
0.43487
0.43504
0.4352
0.43536
0.43553
0.43569
0.43586
0.43602
0.43618
0.43635
0.43651
0.43667
0.43684
0.437
0.43716
0.43733
0.43749
0.43766
0.43782
0.43798
0.43815
0.43831
0.43848
0.43864
0.4388
0.43897
0.43913
0.43929
0.43946
0.43962
0.43979
0.43995
0.44011
0.44028
0.44044
0.44061
0.44077
0.44093
0.4411
0.44126
0.44142
0.44159
0.44175
0.44192
0.44208
0.44224
0.44241
0.44257
0.44274
0.4429
0.44306
0.44323
0.44339
0.44356
0.44372
0.44388
0.44405
0.44421
0.44438
0.44454
0.44471
0.44487
0.44503
0.4452
0.44536
0.44553
0.44569
0.44585
0.44602
0.44618
0.44635
0.44651
0.44667
0.44684
0.447
0.44717
0.44733
0.4475
0.44766
0.44782
0.44799
0.44815
0.44832
0.44848
0.44864
0.44881
0.44897
0.44914
0.4493
0.44947
0.44963
0.44979
0.44996
0.45012
0.45029
0.45045
0.45062
0.45078
0.45094
0.45111
0.45127
0.45144
0.4516
0.45177
0.45193
0.45209
0.45226
0.45242
0.45259
0.45275
0.45292
0.45308
0.45324
0.45341
0.45357
0.45374
0.4539
0.45407
0.45423
0.4544
0.45456
0.45472
0.45489
0.45505
0.45522
0.45538
0.45555
0.45571
0.45587
0.45604
0.4562
0.45637
0.45653
0.4567
0.45686
0.45703
0.45719
0.45735
0.45752
0.45768
0.45785
0.45801
0.45818
0.45834
0.45851
0.45867
0.45884
0.459
0.45916
0.45933
0.45949
0.45966
0.45982
0.45999
0.46015
0.46032
0.46048
0.46064
0.46081
0.46097
0.46114
0.4613
0.46147
0.46163
0.4618
0.46196
0.46213
0.46229
0.46245
0.46262
0.46278
0.46295
0.46311
0.46328
0.46344
0.46361
0.46377
0.46394
0.4641
0.46426
0.46443
0.46459
0.46476
0.46492
0.46509
0.46525
0.46542
0.46558
0.46575
0.46591
0.46608
0.46624
0.4664
0.46657
0.46673
0.4669
0.46706
0.46723
0.46739
0.46756
0.46772
0.46789
0.46805
0.46821
0.46838
0.46854
0.46871
0.46887
0.46904
0.4692
0.46937
0.46953
0.4697
0.46986
0.47003
0.47019
0.47035
0.47052
0.47068
0.47085
0.47101
0.47118
0.47134
0.47151
0.47167
0.47184
0.472
0.47217
0.47233
0.47249
0.47266
0.47282
0.47299
0.47315
0.47332
0.47348
0.47365
0.47381
0.47398
0.47414
0.47431
0.47447
0.47464
0.4748
0.47496
0.47513
0.47529
0.47546
0.47562
0.47579
0.47595
0.47612
0.47628
0.47645
0.47661
0.47678
0.47694
0.4771
0.47727
0.47743
0.4776
0.47776
0.47793
0.47809
0.47826
0.47842
0.47859
0.47875
0.47892
0.47908
0.47924
0.47941
0.47957
0.47974
0.4799
0.48007
0.48023
0.4804
0.48056
0.48073
0.48089
0.48105
0.48122
0.48138
0.48155
0.48171
0.48188
0.48204
0.48221
0.48237
0.48254
0.4827
0.48287
0.48303
0.48319
0.48336
0.48352
0.48369
0.48385
0.48402
0.48418
0.48435
0.48451
0.48468
0.48484
0.485
0.48517
0.48533
0.4855
0.48566
0.48583
0.48599
0.48616
0.48632
0.48649
0.48665
0.48681
0.48698
0.48714
0.48731
0.48747
0.48764
0.4878
0.48797
0.48813
0.48829
0.48846
0.48862
0.48879
0.48895
0.48912
0.48928
0.48945
0.48961
0.48977
0.48994
0.4901
0.49027
0.49043
0.4906
0.49076
0.49093
0.49109
0.49125
0.49142
0.49158
0.49175
0.49191
0.49208
0.49224
0.49241
0.49257
0.49273
0.4929
0.49306
0.49323
0.49339
0.49356
0.49372
0.49388
0.49405
0.49421
0.49438
0.49454
0.49471
0.49487
0.49504
0.4952
0.49536
0.49553
0.49569
0.49586
0.49602
0.49619
0.49635
0.49651
0.49668
0.49684
0.49701
0.49717
0.49734
0.4975
0.49766
0.49783
0.49799
0.49816
0.49832
0.49848
0.49865
0.49881
0.49898
0.49914
0.49931
0.49947
0.49963
0.4998
0.49996
0.50013
0.50029
0.50046
0.50062
0.50078
0.50095
0.50111
0.50128
0.50144
0.5016
0.50177
0.50193
0.5021
0.50226
0.50242
0.50259
0.50275
0.50292
0.50308
0.50324
0.50341
0.50357
0.50374
0.5039
0.50406
0.50423
0.50439
0.50456
0.50472
0.50488
0.50505
0.50521
0.50538
0.50554
0.5057
0.50587
0.50603
0.5062
0.50636
0.50652
0.50669
0.50685
0.50702
0.50718
0.50734
0.50751
0.50767
0.50784
0.508
0.50816
0.50833
0.50849
0.50865
0.50882
0.50898
0.50915
0.50931
0.50947
0.50964
0.5098
0.50996
0.51013
0.51029
0.51046
0.51062
0.51078
0.51095
0.51111
0.51127
0.51144
0.5116
0.51177
0.51193
0.51209
0.51226
0.51242
0.51258
0.51275
0.51291
0.51307
0.51324
0.5134
0.51356
0.51373
0.51389
0.51406
0.51422
0.51438
0.51455
0.51471
0.51487
0.51504
0.5152
0.51536
0.51553
0.51569
0.51585
0.51602
0.51618
0.51634
0.51651
0.51667
0.51683
0.517
0.51716
0.51732
0.51749
0.51765
0.51781
0.51798
0.51814
0.5183
0.51847
0.51863
0.51879
0.51896
0.51912
0.51928
0.51945
0.51961
0.51977
0.51994
0.5201
0.52026
0.52043
0.52059
0.52075
0.52092
0.52108
0.52124
0.5214
0.52157
0.52173
0.52189
0.52206
0.52222
0.52238
0.52255
0.52271
0.52287
0.52304
0.5232
0.52336
0.52352
0.52369
0.52385
0.52401
0.52418
0.52434
0.5245
0.52466
0.52483
0.52499
0.52515
0.52532
0.52548
0.52564
0.5258
0.52597
0.52613
0.52629
0.52646
0.52662
0.52678
0.52694
0.52711
0.52727
0.52743
0.52759
0.52776
0.52792
0.52808
0.52825
0.52841
0.52857
0.52873
0.5289
0.52906
0.52922
0.52938
0.52955
0.52971
0.52987
0.53003
0.5302
0.53036
0.53052
0.53068
0.53085
0.53101
0.53117
0.53133
0.5315
0.53166
0.53182
0.53198
0.53214
0.53231
0.53247
0.53263
0.53279
0.53296
0.53312
0.53328
0.53344
0.53361
0.53377
0.53393
0.53409
0.53425
0.53442
0.53458
0.53474
0.5349
0.53506
0.53523
0.53539
0.53555
0.53571
0.53588
0.53604
0.5362
0.53636
0.53652
0.53669
0.53685
0.53701
0.53717
0.53733
0.53749
0.53766
0.53782
0.53798
0.53814
0.5383
0.53847
0.53863
0.53879
0.53895
0.53911
0.53927
0.53944
0.5396
0.53976
0.53992
0.54008
0.54024
0.54041
0.54057
0.54073
0.54089
0.54105
0.54121
0.54138
0.54154
0.5417
0.54186
0.54202
0.54218
0.54235
0.54251
0.54267
0.54283
0.54299
0.54315
0.54331
0.54348
0.54364
0.5438
0.54396
0.54412
0.54428
0.54444
0.5446
0.54477
0.54493
0.54509
0.54525
0.54541
0.54557
0.54573
0.54589
0.54605
0.54622
0.54638
0.54654
0.5467
0.54686
0.54702
0.54718
0.54734
0.5475
0.54767
0.54783
0.54799
0.54815
0.54831
0.54847
0.54863
0.54879
0.54895
0.54911
0.54927
0.54943
0.5496
0.54976
0.54992
0.55008
0.55024
0.5504
0.55056
0.55072
0.55088
0.55104
0.5512
0.55136
0.55152
0.55168
0.55184
0.55201
0.55217
0.55233
0.55249
0.55265
0.55281
0.55297
0.55313
0.55329
0.55345
0.55361
0.55377
0.55393
0.55409
0.55425
0.55441
0.55457
0.55473
0.55489
0.55505
0.55521
0.55537
0.55553
0.55569
0.55585
0.55601
0.55617
0.55633
0.55649
0.55665
0.55681
0.55697
0.55713
0.55729
0.55745
0.55761
0.55777
0.55793
0.55809
0.55825
0.55841
0.55857
0.55873
0.55889
0.55905
0.55921
0.55937
0.55953
0.55969
0.55985
0.56001
0.56017
0.56033
0.56049
0.56065
0.56081
0.56097
0.56113
0.56129
0.56145
0.5616
0.56176
0.56192
0.56208
0.56224
0.5624
0.56256
0.56272
0.56288
0.56304
0.5632
0.56336
0.56352
0.56368
0.56383
0.56399
0.56415
0.56431
0.56447
0.56463
0.56479
0.56495
0.56511
0.56527
0.56543
0.56558
0.56574
0.5659
0.56606
0.56622
0.56638
0.56654
0.5667
0.56686
0.56701
0.56717
0.56733
0.56749
0.56765
0.56781
0.56797
0.56813
0.56828
0.56844
0.5686
0.56876
0.56892
0.56908
0.56924
0.56939
0.56955
0.56971
0.56987
0.57003
0.57019
0.57034
0.5705
0.57066
0.57082
0.57098
0.57114
0.57129
0.57145
0.57161
0.57177
0.57193
0.57209
0.57224
0.5724
0.57256
0.57272
0.57288
0.57303
0.57319
0.57335
0.57351
0.57367
0.57382
0.57398
0.57414
0.5743
0.57445
0.57461
0.57477
0.57493
0.57509
0.57524
0.5754
0.57556
0.57572
0.57587
0.57603
0.57619
0.57635
0.5765
0.57666
0.57682
0.57698
0.57713
0.57729
0.57745
0.57761
0.57776
0.57792
0.57808
0.57824
0.57839
0.57855
0.57871
0.57887
0.57902
0.57918
0.57934
0.57949
0.57965
0.57981
0.57997
0.58012
0.58028
0.58044
0.58059
0.58075
0.58091
0.58106
0.58122
0.58138
0.58153
0.58169
0.58185
0.58201
0.58216
0.58232
0.58248
0.58263
0.58279
0.58295
0.5831
0.58326
0.58341
0.58357
0.58373
0.58388
0.58404
0.5842
0.58435
0.58451
0.58467
0.58482
0.58498
0.58514
0.58529
0.58545
0.5856
0.58576
0.58592
0.58607
0.58623
0.58639
0.58654
0.5867
0.58685
0.58701
0.58717
0.58732
0.58748
0.58763
0.58779
0.58795
0.5881
0.58826
0.58841
0.58857
0.58872
0.58888
0.58904
0.58919
0.58935
0.5895
0.58966
0.58981
0.58997
0.59012
0.59028
0.59044
0.59059
0.59075
0.5909
0.59106
0.59121
0.59137
0.59152
0.59168
0.59183
0.59199
0.59214
0.5923
0.59246
0.59261
0.59277
0.59292
0.59308
0.59323
0.59339
0.59354
0.5937
0.59385
0.59401
0.59416
0.59432
0.59447
0.59463
0.59478
0.59493
0.59509
0.59524
0.5954
0.59555
0.59571
0.59586
0.59602
0.59617
0.59633
0.59648
0.59664
0.59679
0.59694
0.5971
0.59725
0.59741
0.59756
0.59772
0.59787
0.59802
0.59818
0.59833
0.59849
0.59864
0.5988
0.59895
0.5991
0.59926
0.59941
0.59957
0.59972
0.59987
0.60003
0.60018
0.60034
0.60049
0.60064
0.6008
0.60095
0.6011
0.60126
0.60141
0.60157
0.60172
0.60187
0.60203
0.60218
0.60233
0.60249
0.60264
0.60279
0.60295
0.6031
0.60325
0.60341
0.60356
0.60371
0.60387
0.60402
0.60417
0.60433
0.60448
0.60463
0.60479
0.60494
0.60509
0.60525
0.6054
0.60555
0.6057
0.60586
0.60601
0.60616
0.60632
0.60647
0.60662
0.60677
0.60693
0.60708
0.60723
0.60739
0.60754
0.60769
0.60784
0.608
0.60815
0.6083
0.60845
0.60861
0.60876
0.60891
0.60906
0.60922
0.60937
0.60952
0.60967
0.60982
0.60998
0.61013
0.61028
0.61043
0.61058
0.61074
0.61089
0.61104
0.61119
0.61134
0.6115
0.61165
0.6118
0.61195
0.6121
0.61226
0.61241
0.61256
0.61271
0.61286
0.61301
0.61317
0.61332
0.61347
0.61362
0.61377
0.61392
0.61407
0.61423
0.61438
0.61453
0.61468
0.61483
0.61498
0.61513
0.61528
0.61544
0.61559
0.61574
0.61589
0.61604
0.61619
0.61634
0.61649
0.61664
0.6168
0.61695
0.6171
0.61725
0.6174
0.61755
0.6177
0.61785
0.618
0.61815
0.6183
0.61845
0.6186
0.61875
0.6189
0.61906
0.61921
0.61936
0.61951
0.61966
0.61981
0.61996
0.62011
0.62026
0.62041
0.62056
0.62071
0.62086
0.62101
0.62116
0.62131
0.62146
0.62161
0.62176
0.62191
0.62206
0.62221
0.62236
0.62251
0.62266
0.62281
0.62296
0.62311
0.62326
0.62341
0.62356
0.62371
0.62385
0.624
0.62415
0.6243
0.62445
0.6246
0.62475
0.6249
0.62505
0.6252
0.62535
0.6255
0.62565
0.6258
0.62594
0.62609
0.62624
0.62639
0.62654
0.62669
0.62684
0.62699
0.62714
0.62728
0.62743
0.62758
0.62773
0.62788
0.62803
0.62818
0.62833
0.62847
0.62862
0.62877
0.62892
0.62907
0.62922
0.62937
0.62951
0.62966
0.62981
0.62996
0.63011
0.63025
0.6304
0.63055
0.6307
0.63085
0.631
0.63114
0.63129
0.63144
0.63159
0.63174
0.63188
0.63203
0.63218
0.63233
0.63247
0.63262
0.63277
0.63292
0.63306
0.63321
0.63336
0.63351
0.63365
0.6338
0.63395
0.6341
0.63424
0.63439
0.63454
0.63469
0.63483
0.63498
0.63513
0.63527
0.63542
0.63557
0.63572
0.63586
0.63601
0.63616
0.6363
0.63645
0.6366
0.63674
0.63689
0.63704
0.63718
0.63733
0.63748
0.63762
0.63777
0.63792
0.63806
0.63821
0.63836
0.6385
0.63865
0.6388
0.63894
0.63909
0.63923
0.63938
0.63953
0.63967
0.63982
0.63997
0.64011
