4.0339e-06
3.4594e-06
3.4769e-06
4.4833e-06
3.5123e-06
4.4595e-06
3.5513e-06
3.566e-06
4.4275e-06
3.6022e-06
4.4086e-06
3.6387e-06
4.3919e-06
3.6756e-06
4.3772e-06
3.7128e-06
4.3647e-06
3.7503e-06
3.7696e-06
3.7881e-06
4.3461e-06
3.8263e-06
4.3402e-06
4.2874e-06
3.8843e-06
3.9041e-06
4.3351e-06
3.943e-06
3.9627e-06
4.3374e-06
4.0025e-06
4.3418e-06
4.3219e-06
4.0628e-06
4.0831e-06
4.1034e-06
4.1242e-06
4.3692e-06
4.3651e-06
4.1858e-06
4.391e-06
4.2275e-06
4.2488e-06
4.2696e-06
4.2911e-06
4.4392e-06
4.3338e-06
4.355e-06
4.3766e-06
4.4883e-06
4.4202e-06
4.4418e-06
4.4638e-06
4.4861e-06
4.5623e-06
4.5808e-06
4.5526e-06
4.575e-06
4.5975e-06
4.6494e-06
4.6704e-06
4.6657e-06
4.6886e-06
4.7117e-06
4.7348e-06
4.7691e-06
4.7814e-06
4.8048e-06
4.8285e-06
4.852e-06
4.8757e-06
4.9023e-06
4.9261e-06
4.9495e-06
4.9719e-06
4.9967e-06
5.021e-06
5.0452e-06
5.0696e-06
5.1208e-06
5.119e-06
5.1438e-06
5.1688e-06
5.1939e-06
5.2191e-06
5.2444e-06
5.2699e-06
5.2955e-06
5.3212e-06
5.347e-06
5.3727e-06
5.3987e-06
5.4248e-06
5.451e-06
5.4804e-06
5.5038e-06
5.5366e-06
5.557e-06
5.5838e-06
5.6107e-06
5.6377e-06
5.6907e-06
5.7199e-06
5.7194e-06
5.7988e-06
5.8327e-06
5.8022e-06
5.9263e-06
5.9737e-06
6.0304e-06
5.9142e-06
5.9425e-06
5.9709e-06
5.9994e-06
6.037e-06
6.0569e-06
6.0858e-06
6.1148e-06
6.1722e-06
6.2034e-06
6.2026e-06
6.2322e-06
6.3434e-06
6.3917e-06
6.4565e-06
6.541e-06
6.3816e-06
6.4118e-06
6.4423e-06
6.4728e-06
6.526e-06
6.5343e-06
6.5651e-06
6.5962e-06
6.7489e-06
6.6619e-06
6.8639e-06
6.7217e-06
6.7534e-06
6.7852e-06
6.8172e-06
6.8492e-06
6.8815e-06
6.9138e-06
6.9463e-06
7.131e-06
7.0401e-06
7.0446e-06
7.0776e-06
7.1108e-06
7.1441e-06
7.1775e-06
7.2112e-06
7.2474e-06
7.2787e-06
7.3127e-06
7.3751e-06
7.3812e-06
7.4156e-06
7.4502e-06
7.4875e-06
7.5197e-06
7.5556e-06
7.5904e-06
7.6252e-06
7.6606e-06
7.6962e-06
7.7319e-06
7.7678e-06
7.8186e-06
7.84e-06
7.8763e-06
7.9127e-06
7.9494e-06
7.9861e-06
8.023e-06
8.0601e-06
8.0991e-06
8.1347e-06
8.1722e-06
8.2099e-06
8.2477e-06
8.2857e-06
8.3238e-06
8.3621e-06
8.4008e-06
8.4392e-06
8.4779e-06
8.5168e-06
8.5559e-06
8.6288e-06
8.6624e-06
8.674e-06
8.7137e-06
8.7748e-06
8.7936e-06
8.8339e-06
8.8742e-06
8.9147e-06
8.9674e-06
8.9962e-06
9.0469e-06
9.0784e-06
9.1197e-06
9.1682e-06
9.2029e-06
9.2447e-06
9.2868e-06
9.3289e-06
9.3713e-06
9.4174e-06
9.4597e-06
9.4993e-06
9.5424e-06
9.588e-06
9.6311e-06
9.6725e-06
9.7162e-06
9.76e-06
9.8041e-06
9.8497e-06
9.8928e-06
9.9384e-06
9.9821e-06
1.0028e-05
1.0072e-05
1.0118e-05
1.0163e-05
1.0209e-05
1.0255e-05
1.0301e-05
1.0347e-05
1.0393e-05
1.044e-05
1.0486e-05
1.0533e-05
1.0581e-05
1.0628e-05
1.0675e-05
1.0723e-05
1.0771e-05
1.0819e-05
1.0867e-05
1.0916e-05
1.0964e-05
1.1013e-05
1.1062e-05
1.1111e-05
1.1161e-05
1.121e-05
1.126e-05
1.131e-05
1.136e-05
1.1411e-05
1.1461e-05
1.1512e-05
1.1563e-05
1.1614e-05
1.1666e-05
1.1717e-05
1.1769e-05
1.1821e-05
1.1873e-05
1.1925e-05
1.1978e-05
1.2031e-05
1.2084e-05
1.2137e-05
1.219e-05
1.2244e-05
1.2298e-05
1.2352e-05
1.2406e-05
1.246e-05
1.2515e-05
1.257e-05
1.2625e-05
1.268e-05
1.2736e-05
1.2791e-05
1.2847e-05
1.2903e-05
1.296e-05
1.3016e-05
1.3073e-05
1.313e-05
1.3187e-05
1.3245e-05
1.3302e-05
1.336e-05
1.3425e-05
1.3477e-05
1.3535e-05
1.3594e-05
1.3653e-05
1.3712e-05
1.3772e-05
1.3831e-05
1.3896e-05
1.3956e-05
1.4016e-05
1.4072e-05
1.4138e-05
1.4194e-05
1.426e-05
1.4321e-05
1.4379e-05
1.4441e-05
1.4503e-05
1.4565e-05
1.4631e-05
1.4694e-05
1.4757e-05
1.4818e-05
1.4881e-05
1.4945e-05
1.5012e-05
1.5074e-05
1.5138e-05
1.5203e-05
1.5268e-05
1.5334e-05
1.5401e-05
1.5465e-05
1.5531e-05
1.5597e-05
1.5666e-05
1.5731e-05
1.5798e-05
1.5865e-05
1.5933e-05
1.6001e-05
1.607e-05
1.6137e-05
1.6207e-05
1.6274e-05
1.6344e-05
1.6414e-05
1.6482e-05
1.6552e-05
1.6623e-05
1.6694e-05
1.6764e-05
1.6834e-05
1.6906e-05
1.6977e-05
1.7049e-05
1.7121e-05
1.7194e-05
1.7266e-05
1.7338e-05
1.7412e-05
1.7485e-05
1.7558e-05
1.7632e-05
1.7707e-05
1.7781e-05
1.7855e-05
1.793e-05
1.8006e-05
1.8082e-05
1.8157e-05
1.8233e-05
1.8309e-05
1.8386e-05
1.8463e-05
1.8541e-05
1.8618e-05
1.8695e-05
1.8773e-05
1.8852e-05
1.8931e-05
1.9009e-05
1.9088e-05
1.9168e-05
1.9248e-05
1.9328e-05
1.9408e-05
1.9489e-05
1.957e-05
1.9651e-05
1.9733e-05
1.9814e-05
1.9896e-05
1.9979e-05
2.0062e-05
2.0145e-05
2.0228e-05
2.0312e-05
2.0396e-05
2.048e-05
2.0564e-05
2.0649e-05
2.0734e-05
2.082e-05
2.0906e-05
2.0992e-05
2.1078e-05
2.1165e-05
2.1252e-05
2.1339e-05
2.1427e-05
2.1515e-05
2.1603e-05
2.1691e-05
2.178e-05
2.187e-05
2.1959e-05
2.2049e-05
2.2139e-05
2.223e-05
2.2321e-05
2.2412e-05
2.2503e-05
2.2595e-05
2.2687e-05
2.278e-05
2.2872e-05
2.2966e-05
2.3059e-05
2.3153e-05
2.3247e-05
2.3341e-05
2.3436e-05
2.3531e-05
2.3627e-05
2.3723e-05
2.3819e-05
2.3915e-05
2.4012e-05
2.4109e-05
2.4207e-05
2.4305e-05
2.4403e-05
2.4501e-05
2.46e-05
2.47e-05
2.4799e-05
2.4899e-05
2.4999e-05
2.51e-05
2.5201e-05
2.5303e-05
2.5404e-05
2.5506e-05
2.5609e-05
2.5712e-05
2.5815e-05
2.5918e-05
2.6022e-05
2.6126e-05
2.6231e-05
2.6336e-05
2.6441e-05
2.6547e-05
2.6653e-05
2.676e-05
2.6867e-05
2.6974e-05
2.7081e-05
2.7189e-05
2.7298e-05
2.7406e-05
2.7515e-05
2.7625e-05
2.7735e-05
2.7845e-05
2.7956e-05
2.8067e-05
2.8178e-05
2.829e-05
2.8402e-05
2.8514e-05
2.8627e-05
2.8741e-05
2.8854e-05
2.8968e-05
2.9083e-05
2.9198e-05
2.9313e-05
2.9429e-05
2.9545e-05
2.9661e-05
2.9778e-05
2.9896e-05
3.0013e-05
3.0131e-05
3.025e-05
3.0369e-05
3.0488e-05
3.0608e-05
3.0728e-05
3.0849e-05
3.097e-05
3.1091e-05
3.1213e-05
3.1335e-05
3.1458e-05
3.1581e-05
3.1704e-05
3.1828e-05
3.1952e-05
3.2077e-05
3.2202e-05
3.2328e-05
3.2454e-05
3.258e-05
3.2707e-05
3.2834e-05
3.2962e-05
3.309e-05
3.3219e-05
3.3348e-05
3.3477e-05
3.3607e-05
3.3738e-05
3.3868e-05
3.4e-05
3.4131e-05
3.4263e-05
3.4396e-05
3.4529e-05
3.4662e-05
3.4796e-05
3.4931e-05
3.5066e-05
3.5201e-05
3.5337e-05
3.5473e-05
3.5609e-05
3.5746e-05
3.5884e-05
3.6022e-05
3.6161e-05
3.6299e-05
3.6439e-05
3.6579e-05
3.6719e-05
3.686e-05
3.7001e-05
3.7143e-05
3.7285e-05
3.7428e-05
3.7571e-05
3.7715e-05
3.7859e-05
3.8003e-05
3.8149e-05
3.8294e-05
3.844e-05
3.8587e-05
3.8734e-05
3.8881e-05
3.9029e-05
3.9178e-05
3.9327e-05
3.9476e-05
3.9626e-05
3.9777e-05
3.9928e-05
4.0079e-05
4.0231e-05
4.0384e-05
4.0537e-05
4.069e-05
4.0844e-05
4.0999e-05
4.1154e-05
4.1309e-05
4.1465e-05
4.1622e-05
4.1779e-05
4.1936e-05
4.2094e-05
4.2253e-05
4.2412e-05
4.2572e-05
4.2732e-05
4.2893e-05
4.3054e-05
4.3216e-05
4.3378e-05
4.3541e-05
4.3704e-05
4.3868e-05
4.4032e-05
4.4197e-05
4.4363e-05
4.4529e-05
4.4695e-05
4.4863e-05
4.503e-05
4.5198e-05
4.5367e-05
4.5536e-05
4.5706e-05
4.5877e-05
4.6048e-05
4.6219e-05
4.6391e-05
4.6564e-05
4.6737e-05
4.6911e-05
4.7085e-05
4.726e-05
4.7435e-05
4.7611e-05
4.7788e-05
4.7965e-05
4.8142e-05
4.8321e-05
4.8499e-05
4.8679e-05
4.8859e-05
4.9039e-05
4.9221e-05
4.9402e-05
4.9585e-05
4.9767e-05
4.9951e-05
5.0135e-05
5.032e-05
5.0505e-05
5.0691e-05
5.0877e-05
5.1064e-05
5.1252e-05
5.144e-05
5.1629e-05
5.1818e-05
5.2008e-05
5.2199e-05
5.239e-05
5.2582e-05
5.2774e-05
5.2967e-05
5.3161e-05
5.3355e-05
5.355e-05
5.3746e-05
5.3942e-05
5.4139e-05
5.4336e-05
5.4534e-05
5.4733e-05
5.4932e-05
5.5132e-05
5.5333e-05
5.5534e-05
5.5736e-05
5.5938e-05
5.6141e-05
5.6345e-05
5.6549e-05
5.6754e-05
5.696e-05
5.7166e-05
5.7373e-05
5.7581e-05
5.7789e-05
5.7998e-05
5.8207e-05
5.8417e-05
5.8628e-05
5.884e-05
5.9052e-05
5.9265e-05
5.9478e-05
5.9693e-05
5.9907e-05
6.0123e-05
6.0339e-05
6.0556e-05
6.0774e-05
6.0992e-05
6.1211e-05
6.143e-05
6.1651e-05
6.1872e-05
6.2093e-05
6.2315e-05
6.2538e-05
6.2762e-05
6.2987e-05
6.3212e-05
6.3437e-05
6.3664e-05
6.3891e-05
6.4119e-05
6.4348e-05
6.4577e-05
6.4807e-05
6.5038e-05
6.5269e-05
6.5501e-05
6.5734e-05
6.5968e-05
6.6202e-05
6.6437e-05
6.6673e-05
6.6909e-05
6.7147e-05
6.7384e-05
6.7623e-05
6.7863e-05
6.8103e-05
6.8343e-05
6.8585e-05
6.8827e-05
6.9071e-05
6.9314e-05
6.9559e-05
6.9804e-05
7.005e-05
7.0297e-05
7.0545e-05
7.0793e-05
7.1042e-05
7.1292e-05
7.1543e-05
7.1794e-05
7.2046e-05
7.2299e-05
7.2553e-05
7.2807e-05
7.3062e-05
7.3318e-05
7.3575e-05
7.3832e-05
7.4091e-05
7.435e-05
7.461e-05
7.487e-05
7.5132e-05
7.5394e-05
7.5657e-05
7.5921e-05
7.6186e-05
7.6451e-05
7.6717e-05
7.6984e-05
7.7252e-05
7.7521e-05
7.779e-05
7.8061e-05
7.8332e-05
7.8603e-05
7.8876e-05
7.915e-05
7.9424e-05
7.9699e-05
7.9975e-05
8.0252e-05
8.053e-05
8.0808e-05
8.1087e-05
8.1368e-05
8.1649e-05
8.193e-05
8.2213e-05
8.2496e-05
8.2781e-05
8.3066e-05
8.3352e-05
8.3639e-05
8.3927e-05
8.4215e-05
8.4505e-05
8.4795e-05
8.5086e-05
8.5378e-05
8.5671e-05
8.5965e-05
8.626e-05
8.6555e-05
8.6852e-05
8.7149e-05
8.7447e-05
8.7746e-05
8.8046e-05
8.8347e-05
8.8648e-05
8.8951e-05
8.9254e-05
8.9559e-05
8.9864e-05
9.017e-05
9.0477e-05
9.0785e-05
9.1094e-05
9.1404e-05
9.1715e-05
9.2026e-05
9.2339e-05
9.2652e-05
9.2967e-05
9.3282e-05
9.3598e-05
9.3915e-05
9.4233e-05
9.4552e-05
9.4872e-05
9.5193e-05
9.5515e-05
9.5837e-05
9.6161e-05
9.6486e-05
9.6811e-05
9.7138e-05
9.7465e-05
9.7794e-05
9.8123e-05
9.8453e-05
9.8785e-05
9.9117e-05
9.945e-05
9.9784e-05
0.00010012
0.00010046
0.00010079
0.00010113
0.00010147
0.00010181
0.00010215
0.00010249
0.00010284
0.00010318
0.00010352
0.00010387
0.00010422
0.00010457
0.00010491
0.00010526
0.00010562
0.00010597
0.00010632
0.00010667
0.00010703
0.00010739
0.00010774
0.0001081
0.00010846
0.00010882
0.00010918
0.00010954
0.00010991
0.00011027
0.00011064
0.000111
0.00011137
0.00011174
0.00011211
0.00011248
0.00011285
0.00011322
0.0001136
0.00011397
0.00011435
0.00011472
0.0001151
0.00011548
0.00011586
0.00011624
0.00011662
0.00011701
0.00011739
0.00011778
0.00011816
0.00011855
0.00011894
0.00011933
0.00011972
0.00012011
0.00012051
0.0001209
0.0001213
0.00012169
0.00012209
0.00012249
0.00012289
0.00012329
0.00012369
0.0001241
0.0001245
0.00012491
0.00012531
0.00012572
0.00012613
0.00012654
0.00012695
0.00012736
0.00012778
0.00012819
0.00012861
0.00012903
0.00012944
0.00012986
0.00013028
0.00013071
0.00013113
0.00013155
0.00013198
0.0001324
0.00013283
0.00013326
0.00013369
0.00013412
0.00013455
0.00013499
0.00013542
0.00013586
0.0001363
0.00013673
0.00013717
0.00013761
0.00013806
0.0001385
0.00013894
0.00013939
0.00013984
0.00014029
0.00014074
0.00014119
0.00014164
0.00014209
0.00014255
0.000143
0.00014346
0.00014392
0.00014438
0.00014484
0.0001453
0.00014576
0.00014623
0.00014669
0.00014716
0.00014763
0.0001481
0.00014857
0.00014904
0.00014951
0.00014999
0.00015046
0.00015094
0.00015142
0.0001519
0.00015238
0.00015286
0.00015335
0.00015383
0.00015432
0.00015481
0.0001553
0.00015579
0.00015628
0.00015677
0.00015727
0.00015776
0.00015826
0.00015876
0.00015926
0.00015976
0.00016026
0.00016077
0.00016127
0.00016178
0.00016229
0.0001628
0.00016331
0.00016382
0.00016433
0.00016485
0.00016536
0.00016588
0.0001664
0.00016692
0.00016744
0.00016797
0.00016849
0.00016902
0.00016954
0.00017007
0.0001706
0.00017113
0.00017167
0.0001722
0.00017274
0.00017328
0.00017381
0.00017435
0.0001749
0.00017544
0.00017598
0.00017653
0.00017708
0.00017763
0.00017818
0.00017873
0.00017928
0.00017984
0.00018039
0.00018095
0.00018151
0.00018207
0.00018263
0.0001832
0.00018376
0.00018433
0.0001849
0.00018547
0.00018604
0.00018661
0.00018719
0.00018776
0.00018834
0.00018892
0.0001895
0.00019008
0.00019066
0.00019125
0.00019183
0.00019242
0.00019301
0.0001936
0.0001942
0.00019479
0.00019539
0.00019598
0.00019658
0.00019718
0.00019778
0.00019839
0.00019899
0.0001996
0.00020021
0.00020082
0.00020143
0.00020204
0.00020266
0.00020327
0.00020389
0.00020451
0.00020513
0.00020576
0.00020638
0.00020701
0.00020763
0.00020826
0.00020889
0.00020953
0.00021016
0.0002108
0.00021143
0.00021207
0.00021271
0.00021336
0.000214
0.00021465
0.00021529
0.00021594
0.00021659
0.00021725
0.0002179
0.00021856
0.00021921
0.00021987
0.00022053
0.0002212
0.00022186
0.00022253
0.00022319
0.00022386
0.00022453
0.00022521
0.00022588
0.00022656
0.00022724
0.00022792
0.0002286
0.00022928
0.00022997
0.00023065
0.00023134
0.00023203
0.00023272
0.00023342
0.00023411
0.00023481
0.00023551
0.00023621
0.00023691
0.00023762
0.00023832
0.00023903
0.00023974
0.00024045
0.00024117
0.00024188
0.0002426
0.00024332
0.00024404
0.00024476
0.00024548
0.00024621
0.00024694
0.00024767
0.0002484
0.00024913
0.00024987
0.00025061
0.00025135
0.00025209
0.00025283
0.00025357
0.00025432
0.00025507
0.00025582
0.00025657
0.00025733
0.00025808
0.00025884
0.0002596
0.00026036
0.00026113
0.00026189
0.00026266
0.00026343
0.0002642
0.00026497
0.00026575
0.00026652
0.0002673
0.00026808
0.00026887
0.00026965
0.00027044
0.00027123
0.00027202
0.00027281
0.00027361
0.0002744
0.0002752
0.000276
0.0002768
0.00027761
0.00027842
0.00027922
0.00028004
0.00028085
0.00028166
0.00028248
0.0002833
0.00028412
0.00028494
0.00028577
0.00028659
0.00028742
0.00028825
0.00028909
0.00028992
0.00029076
0.0002916
0.00029244
0.00029328
0.00029413
0.00029497
0.00029582
0.00029668
0.00029753
0.00029838
0.00029924
0.0003001
0.00030096
0.00030183
0.00030269
0.00030356
0.00030443
0.00030531
0.00030618
0.00030706
0.00030794
0.00030882
0.0003097
0.00031059
0.00031147
0.00031236
0.00031326
0.00031415
0.00031505
0.00031595
0.00031685
0.00031775
0.00031865
0.00031956
0.00032047
0.00032138
0.0003223
0.00032321
0.00032413
0.00032505
0.00032597
0.0003269
0.00032783
0.00032876
0.00032969
0.00033062
0.00033156
0.0003325
0.00033344
0.00033438
0.00033533
0.00033627
0.00033722
0.00033818
0.00033913
0.00034009
0.00034105
0.00034201
0.00034297
0.00034394
0.0003449
0.00034588
0.00034685
0.00034782
0.0003488
0.00034978
0.00035076
0.00035175
0.00035273
0.00035372
0.00035472
0.00035571
0.00035671
0.0003577
0.00035871
0.00035971
0.00036072
0.00036172
0.00036273
0.00036375
0.00036476
0.00036578
0.0003668
0.00036782
0.00036885
0.00036988
0.00037091
0.00037194
0.00037297
0.00037401
0.00037505
0.00037609
0.00037714
0.00037819
0.00037924
0.00038029
0.00038134
0.0003824
0.00038346
0.00038452
0.00038559
0.00038665
0.00038772
0.0003888
0.00038987
0.00039095
0.00039203
0.00039311
0.00039419
0.00039528
0.00039637
0.00039746
0.00039856
0.00039966
0.00040076
0.00040186
0.00040297
0.00040407
0.00040518
0.0004063
0.00040741
0.00040853
0.00040965
0.00041077
0.0004119
0.00041303
0.00041416
0.0004153
0.00041643
0.00041757
0.00041871
0.00041986
0.000421
0.00042215
0.00042331
0.00042446
0.00042562
0.00042678
0.00042794
0.00042911
0.00043028
0.00043145
0.00043262
0.0004338
0.00043498
0.00043616
0.00043735
0.00043854
0.00043973
0.00044092
0.00044212
0.00044331
0.00044452
0.00044572
0.00044693
0.00044814
0.00044935
0.00045056
0.00045178
0.000453
0.00045423
0.00045545
0.00045668
0.00045791
0.00045915
0.00046039
0.00046163
0.00046287
0.00046412
0.00046537
0.00046662
0.00046787
0.00046913
0.00047039
0.00047166
0.00047292
0.00047419
0.00047546
0.00047674
0.00047802
0.0004793
0.00048058
0.00048187
0.00048316
0.00048445
0.00048574
0.00048704
0.00048834
0.00048965
0.00049096
0.00049227
0.00049358
0.00049489
0.00049621
0.00049754
0.00049886
0.00050019
0.00050152
0.00050285
0.00050419
0.00050553
0.00050687
0.00050822
0.00050957
0.00051092
0.00051228
0.00051363
0.000515
0.00051636
0.00051773
0.0005191
0.00052047
0.00052185
0.00052323
0.00052461
0.000526
0.00052738
0.00052878
0.00053017
0.00053157
0.00053297
0.00053438
0.00053578
0.00053719
0.00053861
0.00054003
0.00054145
0.00054287
0.0005443
0.00054573
0.00054716
0.00054859
0.00055003
0.00055148
0.00055292
0.00055437
0.00055582
0.00055728
0.00055874
0.0005602
0.00056166
0.00056313
0.0005646
0.00056608
0.00056756
0.00056904
0.00057052
0.00057201
0.0005735
0.000575
0.00057649
0.00057799
0.0005795
0.00058101
0.00058252
0.00058403
0.00058555
0.00058707
0.00058859
0.00059012
0.00059165
0.00059319
0.00059472
0.00059627
0.00059781
0.00059936
0.00060091
0.00060246
0.00060402
0.00060558
0.00060715
0.00060872
0.00061029
0.00061186
0.00061344
0.00061502
0.00061661
0.0006182
0.00061979
0.00062139
0.00062299
0.00062459
0.00062619
0.0006278
0.00062942
0.00063103
0.00063265
0.00063428
0.00063591
0.00063754
0.00063917
0.00064081
0.00064245
0.0006441
0.00064574
0.0006474
0.00064905
0.00065071
0.00065237
0.00065404
0.00065571
0.00065738
0.00065906
0.00066074
0.00066243
0.00066411
0.00066581
0.0006675
0.0006692
0.0006709
0.00067261
0.00067432
0.00067603
0.00067775
0.00067947
0.0006812
0.00068292
0.00068466
0.00068639
0.00068813
0.00068987
0.00069162
0.00069337
0.00069513
0.00069689
0.00069865
0.00070041
0.00070218
0.00070396
0.00070573
0.00070751
0.0007093
0.00071109
0.00071288
0.00071467
0.00071647
0.00071828
0.00072009
0.0007219
0.00072371
0.00072553
0.00072735
0.00072918
0.00073101
0.00073285
0.00073468
0.00073653
0.00073837
0.00074022
0.00074208
0.00074393
0.0007458
0.00074766
0.00074953
0.0007514
0.00075328
0.00075516
0.00075705
0.00075894
0.00076083
0.00076273
0.00076463
0.00076654
0.00076845
0.00077036
0.00077228
0.0007742
0.00077612
0.00077805
0.00077999
0.00078192
0.00078386
0.00078581
0.00078776
0.00078971
0.00079167
0.00079363
0.0007956
0.00079757
0.00079954
0.00080152
0.00080351
0.00080549
0.00080748
0.00080948
0.00081148
0.00081348
0.00081549
0.0008175
0.00081951
0.00082153
0.00082356
0.00082559
0.00082762
0.00082966
0.0008317
0.00083374
0.00083579
0.00083785
0.0008399
0.00084197
0.00084403
0.0008461
0.00084818
0.00085026
0.00085234
0.00085443
0.00085652
0.00085862
0.00086072
0.00086282
0.00086493
0.00086705
0.00086916
0.00087129
0.00087341
0.00087555
0.00087768
0.00087982
0.00088197
0.00088411
0.00088627
0.00088843
0.00089059
0.00089275
0.00089492
0.0008971
0.00089928
0.00090146
0.00090365
0.00090585
0.00090804
0.00091025
0.00091245
0.00091466
0.00091688
0.0009191
0.00092132
0.00092355
0.00092579
0.00092802
0.00093027
0.00093251
0.00093477
0.00093702
0.00093928
0.00094155
0.00094382
0.00094609
0.00094837
0.00095066
0.00095295
0.00095524
0.00095754
0.00095984
0.00096215
0.00096446
0.00096678
0.0009691
0.00097142
0.00097375
0.00097609
0.00097843
0.00098077
0.00098312
0.00098548
0.00098784
0.0009902
0.00099257
0.00099494
0.00099732
0.0009997
0.0010021
0.0010045
0.0010069
0.0010093
0.0010117
0.0010141
0.0010165
0.0010189
0.0010214
0.0010238
0.0010262
0.0010287
0.0010311
0.0010336
0.001036
0.0010385
0.0010409
0.0010434
0.0010459
0.0010484
0.0010509
0.0010533
0.0010558
0.0010583
0.0010608
0.0010634
0.0010659
0.0010684
0.0010709
0.0010734
0.001076
0.0010785
0.0010811
0.0010836
0.0010862
0.0010887
0.0010913
0.0010939
0.0010964
0.001099
0.0011016
0.0011042
0.0011068
0.0011094
0.001112
0.0011146
0.0011172
0.0011198
0.0011225
0.0011251
0.0011277
0.0011304
0.001133
0.0011357
0.0011383
0.001141
0.0011437
0.0011463
0.001149
0.0011517
0.0011544
0.0011571
0.0011598
0.0011625
0.0011652
0.0011679
0.0011706
0.0011733
0.0011761
0.0011788
0.0011816
0.0011843
0.0011871
0.0011898
0.0011926
0.0011953
0.0011981
0.0012009
0.0012037
0.0012065
0.0012093
0.0012121
0.0012149
0.0012177
0.0012205
0.0012233
0.0012262
0.001229
0.0012318
0.0012347
0.0012375
0.0012404
0.0012432
0.0012461
0.001249
0.0012519
0.0012547
0.0012576
0.0012605
0.0012634
0.0012663
0.0012692
0.0012722
0.0012751
0.001278
0.0012809
0.0012839
0.0012868
0.0012898
0.0012927
0.0012957
0.0012987
0.0013016
0.0013046
0.0013076
0.0013106
0.0013136
0.0013166
0.0013196
0.0013226
0.0013256
0.0013286
0.0013317
0.0013347
0.0013378
0.0013408
0.0013439
0.0013469
0.00135
0.001353
0.0013561
0.0013592
0.0013623
0.0013654
0.0013685
0.0013716
0.0013747
0.0013778
0.001381
0.0013841
0.0013872
0.0013904
0.0013935
0.0013967
0.0013998
0.001403
0.0014062
0.0014093
0.0014125
0.0014157
0.0014189
0.0014221
0.0014253
0.0014285
0.0014317
0.001435
0.0014382
0.0014414
0.0014447
0.0014479
0.0014512
0.0014545
0.0014577
0.001461
0.0014643
0.0014676
0.0014709
0.0014742
0.0014775
0.0014808
0.0014841
0.0014874
0.0014908
0.0014941
0.0014974
0.0015008
0.0015041
0.0015075
0.0015109
0.0015142
0.0015176
0.001521
0.0015244
0.0015278
0.0015312
0.0015346
0.001538
0.0015415
0.0015449
0.0015483
0.0015518
0.0015552
0.0015587
0.0015621
0.0015656
0.0015691
0.0015726
0.0015761
0.0015796
0.0015831
0.0015866
0.0015901
0.0015936
0.0015971
0.0016007
0.0016042
0.0016077
0.0016113
0.0016149
0.0016184
0.001622
0.0016256
0.0016292
0.0016328
0.0016364
0.00164
0.0016436
0.0016472
0.0016508
0.0016545
0.0016581
0.0016617
0.0016654
0.0016691
0.0016727
0.0016764
0.0016801
0.0016838
0.0016875
0.0016912
0.0016949
0.0016986
0.0017023
0.001706
0.0017098
0.0017135
0.0017173
0.001721
0.0017248
0.0017285
0.0017323
0.0017361
0.0017399
0.0017437
0.0017475
0.0017513
0.0017551
0.0017589
0.0017628
0.0017666
0.0017704
0.0017743
0.0017782
0.001782
0.0017859
0.0017898
0.0017937
0.0017975
0.0018014
0.0018054
0.0018093
0.0018132
0.0018171
0.0018211
0.001825
0.0018289
0.0018329
0.0018369
0.0018408
0.0018448
0.0018488
0.0018528
0.0018568
0.0018608
0.0018648
0.0018688
0.0018729
0.0018769
0.0018809
0.001885
0.0018891
0.0018931
0.0018972
0.0019013
0.0019054
0.0019095
0.0019136
0.0019177
0.0019218
0.0019259
0.00193
0.0019342
0.0019383
0.0019425
0.0019466
0.0019508
0.001955
0.0019592
0.0019633
0.0019675
0.0019717
0.001976
0.0019802
0.0019844
0.0019886
0.0019929
0.0019971
0.0020014
0.0020057
0.0020099
0.0020142
0.0020185
0.0020228
0.0020271
0.0020314
0.0020357
0.0020401
0.0020444
0.0020487
0.0020531
0.0020574
0.0020618
0.0020662
0.0020705
0.0020749
0.0020793
0.0020837
0.0020881
0.0020926
0.002097
0.0021014
0.0021059
0.0021103
0.0021148
0.0021192
0.0021237
0.0021282
0.0021327
0.0021372
0.0021417
0.0021462
0.0021507
0.0021552
0.0021598
0.0021643
0.0021689
0.0021734
0.002178
0.0021826
0.0021872
0.0021917
0.0021963
0.002201
0.0022056
0.0022102
0.0022148
0.0022195
0.0022241
0.0022288
0.0022334
0.0022381
0.0022428
0.0022475
0.0022522
0.0022569
0.0022616
0.0022663
0.002271
0.0022758
0.0022805
0.0022853
0.00229
0.0022948
0.0022996
0.0023044
0.0023092
0.002314
0.0023188
0.0023236
0.0023284
0.0023333
0.0023381
0.002343
0.0023478
0.0023527
0.0023576
0.0023625
0.0023674
0.0023723
0.0023772
0.0023821
0.002387
0.002392
0.0023969
0.0024019
0.0024068
0.0024118
0.0024168
0.0024218
0.0024268
0.0024318
0.0024368
0.0024418
0.0024468
0.0024519
0.0024569
0.002462
0.002467
0.0024721
0.0024772
0.0024823
0.0024874
0.0024925
0.0024976
0.0025027
0.0025079
0.002513
0.0025182
0.0025233
0.0025285
0.0025337
0.0025389
0.0025441
0.0025493
0.0025545
0.0025597
0.0025649
0.0025702
0.0025754
0.0025807
0.0025859
0.0025912
0.0025965
0.0026018
0.0026071
0.0026124
0.0026177
0.0026231
0.0026284
0.0026338
0.0026391
0.0026445
0.0026498
0.0026552
0.0026606
0.002666
0.0026714
0.0026769
0.0026823
0.0026877
0.0026932
0.0026986
0.0027041
0.0027096
0.0027151
0.0027205
0.002726
0.0027316
0.0027371
0.0027426
0.0027481
0.0027537
0.0027593
0.0027648
0.0027704
0.002776
0.0027816
0.0027872
0.0027928
0.0027984
0.0028041
0.0028097
0.0028153
0.002821
0.0028267
0.0028324
0.002838
0.0028437
0.0028494
0.0028552
0.0028609
0.0028666
0.0028724
0.0028781
0.0028839
0.0028897
0.0028955
0.0029012
0.002907
0.0029129
0.0029187
0.0029245
0.0029304
0.0029362
0.0029421
0.0029479
0.0029538
0.0029597
0.0029656
0.0029715
0.0029774
0.0029834
0.0029893
0.0029953
0.0030012
0.0030072
0.0030132
0.0030191
0.0030251
0.0030311
0.0030372
0.0030432
0.0030492
0.0030553
0.0030613
0.0030674
0.0030735
0.0030796
0.0030857
0.0030918
0.0030979
0.003104
0.0031101
0.0031163
0.0031224
0.0031286
0.0031348
0.003141
0.0031472
0.0031534
0.0031596
0.0031658
0.0031721
0.0031783
0.0031846
0.0031908
0.0031971
0.0032034
0.0032097
0.003216
0.0032223
0.0032286
0.003235
0.0032413
0.0032477
0.0032541
0.0032604
0.0032668
0.0032732
0.0032796
0.0032861
0.0032925
0.0032989
0.0033054
0.0033119
0.0033183
0.0033248
0.0033313
0.0033378
0.0033443
0.0033508
0.0033574
0.0033639
0.0033705
0.0033771
0.0033836
0.0033902
0.0033968
0.0034034
0.0034101
0.0034167
0.0034233
0.00343
0.0034366
0.0034433
0.00345
0.0034567
0.0034634
0.0034701
0.0034768
0.0034836
0.0034903
0.0034971
0.0035039
0.0035106
0.0035174
0.0035242
0.0035311
0.0035379
0.0035447
0.0035516
0.0035584
0.0035653
0.0035722
0.0035791
0.003586
0.0035929
0.0035998
0.0036067
0.0036137
0.0036206
0.0036276
0.0036346
0.0036416
0.0036486
0.0036556
0.0036626
0.0036696
0.0036767
0.0036837
0.0036908
0.0036979
0.003705
0.0037121
0.0037192
0.0037263
0.0037334
0.0037406
0.0037477
0.0037549
0.0037621
0.0037693
0.0037765
0.0037837
0.0037909
0.0037981
0.0038054
0.0038127
0.0038199
0.0038272
0.0038345
0.0038418
0.0038491
0.0038564
0.0038638
0.0038711
0.0038785
0.0038859
0.0038933
0.0039006
0.0039081
0.0039155
0.0039229
0.0039303
0.0039378
0.0039453
0.0039527
0.0039602
0.0039677
0.0039752
0.0039828
0.0039903
0.0039979
0.0040054
0.004013
0.0040206
0.0040282
0.0040358
0.0040434
0.004051
0.0040587
0.0040663
0.004074
0.0040817
0.0040893
0.004097
0.0041048
0.0041125
0.0041202
0.004128
0.0041357
0.0041435
0.0041513
0.0041591
0.0041669
0.0041747
0.0041825
0.0041904
0.0041983
0.0042061
0.004214
0.0042219
0.0042298
0.0042377
0.0042457
0.0042536
0.0042615
0.0042695
0.0042775
0.0042855
0.0042935
0.0043015
0.0043095
0.0043176
0.0043256
0.0043337
0.0043418
0.0043499
0.004358
0.0043661
0.0043742
0.0043823
0.0043905
0.0043987
0.0044068
0.004415
0.0044232
0.0044314
0.0044397
0.0044479
0.0044562
0.0044644
0.0044727
0.004481
0.0044893
0.0044976
0.0045059
0.0045143
0.0045226
0.004531
0.0045394
0.0045478
0.0045562
0.0045646
0.004573
0.0045815
0.0045899
0.0045984
0.0046069
0.0046153
0.0046239
0.0046324
0.0046409
0.0046494
0.004658
0.0046666
0.0046752
0.0046838
0.0046924
0.004701
0.0047096
0.0047183
0.0047269
0.0047356
0.0047443
0.004753
0.0047617
0.0047704
0.0047792
0.0047879
0.0047967
0.0048055
0.0048143
0.0048231
0.0048319
0.0048407
0.0048496
0.0048584
0.0048673
0.0048762
0.0048851
0.004894
0.0049029
0.0049119
0.0049208
0.0049298
0.0049387
0.0049477
0.0049567
0.0049658
0.0049748
0.0049838
0.0049929
0.005002
0.0050111
0.0050202
0.0050293
0.0050384
0.0050475
0.0050567
0.0050659
0.005075
0.0050842
0.0050934
0.0051027
0.0051119
0.0051211
0.0051304
0.0051397
0.005149
0.0051583
0.0051676
0.0051769
0.0051863
0.0051956
0.005205
0.0052144
0.0052238
0.0052332
0.0052426
0.0052521
0.0052615
0.005271
0.0052805
0.00529
0.0052995
0.005309
0.0053186
0.0053281
0.0053377
0.0053473
0.0053569
0.0053665
0.0053761
0.0053857
0.0053954
0.0054051
0.0054147
0.0054244
0.0054341
0.0054439
0.0054536
0.0054634
0.0054731
0.0054829
0.0054927
0.0055025
0.0055123
0.0055222
0.005532
0.0055419
0.0055518
0.0055617
0.0055716
0.0055815
0.0055914
0.0056014
0.0056114
0.0056214
0.0056313
0.0056414
0.0056514
0.0056614
0.0056715
0.0056816
0.0056916
0.0057017
0.0057118
0.005722
0.0057321
0.0057423
0.0057524
0.0057626
0.0057728
0.0057831
0.0057933
0.0058035
0.0058138
0.0058241
0.0058344
0.0058447
0.005855
0.0058653
0.0058757
0.005886
0.0058964
0.0059068
0.0059172
0.0059276
0.0059381
0.0059485
0.005959
0.0059695
0.00598
0.0059905
0.006001
0.0060116
0.0060221
0.0060327
0.0060433
0.0060539
0.0060645
0.0060752
0.0060858
0.0060965
0.0061072
0.0061179
0.0061286
0.0061393
0.0061501
0.0061608
0.0061716
0.0061824
0.0061932
0.006204
0.0062148
0.0062257
0.0062366
0.0062474
0.0062583
0.0062693
0.0062802
0.0062911
0.0063021
0.0063131
0.006324
0.0063351
0.0063461
0.0063571
0.0063682
0.0063792
0.0063903
0.0064014
0.0064125
0.0064237
0.0064348
0.006446
0.0064572
0.0064684
0.0064796
0.0064908
0.006502
0.0065133
0.0065246
0.0065359
0.0065472
0.0065585
0.0065698
0.0065812
0.0065926
0.0066039
0.0066153
0.0066268
0.0066382
0.0066496
0.0066611
0.0066726
0.0066841
0.0066956
0.0067071
0.0067187
0.0067302
0.0067418
0.0067534
0.006765
0.0067767
0.0067883
0.0068
0.0068116
0.0068233
0.006835
0.0068468
0.0068585
0.0068703
0.0068821
0.0068938
0.0069057
0.0069175
0.0069293
0.0069412
0.006953
0.0069649
0.0069768
0.0069888
0.0070007
0.0070127
0.0070246
0.0070366
0.0070486
0.0070607
0.0070727
0.0070848
0.0070968
0.0071089
0.007121
0.0071332
0.0071453
0.0071575
0.0071696
0.0071818
0.007194
0.0072063
0.0072185
0.0072308
0.007243
0.0072553
0.0072676
0.00728
0.0072923
0.0073047
0.0073171
0.0073294
0.0073419
0.0073543
0.0073667
0.0073792
0.0073917
0.0074042
0.0074167
0.0074292
0.0074418
0.0074543
0.0074669
0.0074795
0.0074921
0.0075048
0.0075174
0.0075301
0.0075428
0.0075555
0.0075682
0.007581
0.0075937
0.0076065
0.0076193
0.0076321
0.0076449
0.0076578
0.0076706
0.0076835
0.0076964
0.0077093
0.0077223
0.0077352
0.0077482
0.0077612
0.0077742
0.0077872
0.0078002
0.0078133
0.0078264
0.0078395
0.0078526
0.0078657
0.0078788
0.007892
0.0079052
0.0079184
0.0079316
0.0079448
0.0079581
0.0079714
0.0079847
0.007998
0.0080113
0.0080246
0.008038
0.0080514
0.0080648
0.0080782
0.0080916
0.0081051
0.0081185
0.008132
0.0081455
0.0081591
0.0081726
0.0081862
0.0081997
0.0082133
0.008227
0.0082406
0.0082542
0.0082679
0.0082816
0.0082953
0.008309
0.0083228
0.0083365
0.0083503
0.0083641
0.0083779
0.0083918
0.0084056
0.0084195
0.0084334
0.0084473
0.0084612
0.0084752
0.0084892
0.0085031
0.0085171
0.0085312
0.0085452
0.0085593
0.0085734
0.0085874
0.0086016
0.0086157
0.0086299
0.008644
0.0086582
0.0086724
0.0086867
0.0087009
0.0087152
0.0087295
0.0087438
0.0087581
0.0087724
0.0087868
0.0088012
0.0088156
0.00883
0.0088445
0.0088589
0.0088734
0.0088879
0.0089024
0.0089169
0.0089315
0.0089461
0.0089607
0.0089753
0.0089899
0.0090046
0.0090192
0.0090339
0.0090486
0.0090634
0.0090781
0.0090929
0.0091077
0.0091225
0.0091373
0.0091521
0.009167
0.0091819
0.0091968
0.0092117
0.0092267
0.0092416
0.0092566
0.0092716
0.0092866
0.0093017
0.0093167
0.0093318
0.0093469
0.009362
0.0093772
0.0093923
0.0094075
0.0094227
0.0094379
0.0094532
0.0094684
0.0094837
0.009499
0.0095143
0.0095297
0.009545
0.0095604
0.0095758
0.0095912
0.0096067
0.0096221
0.0096376
0.0096531
0.0096686
0.0096842
0.0096997
0.0097153
0.0097309
0.0097465
0.0097622
0.0097778
0.0097935
0.0098092
0.009825
0.0098407
0.0098565
0.0098722
0.009888
0.0099039
0.0099197
0.0099356
0.0099515
0.0099674
0.0099833
0.0099993
0.010015
0.010031
0.010047
0.010063
0.010079
0.010095
0.010111
0.010128
0.010144
0.01016
0.010176
0.010192
0.010208
0.010225
0.010241
0.010257
0.010274
0.01029
0.010306
0.010323
0.010339
0.010355
0.010372
0.010388
0.010405
0.010421
0.010438
0.010454
0.010471
0.010487
0.010504
0.010521
0.010537
0.010554
0.010571
0.010587
0.010604
0.010621
0.010638
0.010654
0.010671
0.010688
0.010705
0.010722
0.010739
0.010755
0.010772
0.010789
0.010806
0.010823
0.01084
0.010857
0.010875
0.010892
0.010909
0.010926
0.010943
0.01096
0.010977
0.010995
0.011012
0.011029
0.011046
0.011064
0.011081
0.011098
0.011116
0.011133
0.011151
0.011168
0.011185
0.011203
0.01122
0.011238
0.011256
0.011273
0.011291
0.011308
0.011326
0.011344
0.011361
0.011379
0.011397
0.011414
0.011432
0.01145
0.011468
0.011486
0.011504
0.011521
0.011539
0.011557
0.011575
0.011593
0.011611
0.011629
0.011647
0.011665
0.011683
0.011702
0.01172
0.011738
0.011756
0.011774
0.011792
0.011811
0.011829
0.011847
0.011865
0.011884
0.011902
0.011921
0.011939
0.011957
0.011976
0.011994
0.012013
0.012031
0.01205
0.012068
0.012087
0.012106
0.012124
0.012143
0.012162
0.01218
0.012199
0.012218
0.012237
0.012255
0.012274
0.012293
0.012312
0.012331
0.01235
0.012369
0.012388
0.012407
0.012426
0.012445
0.012464
0.012483
0.012502
0.012521
0.01254
0.012559
0.012578
0.012598
0.012617
0.012636
0.012655
0.012675
0.012694
0.012713
0.012733
0.012752
0.012772
0.012791
0.012811
0.01283
0.01285
0.012869
0.012889
0.012908
0.012928
0.012948
0.012967
0.012987
0.013007
0.013026
0.013046
0.013066
0.013086
0.013106
0.013126
0.013145
0.013165
0.013185
0.013205
0.013225
0.013245
0.013265
0.013285
0.013305
0.013326
0.013346
0.013366
0.013386
0.013406
0.013426
0.013447
0.013467
0.013487
0.013508
0.013528
0.013548
0.013569
0.013589
0.01361
0.01363
0.013651
0.013671
0.013692
0.013712
0.013733
0.013753
0.013774
0.013795
0.013815
0.013836
0.013857
0.013878
0.013898
0.013919
0.01394
0.013961
0.013982
0.014003
0.014024
0.014045
0.014066
0.014087
0.014108
0.014129
0.01415
0.014171
0.014192
0.014213
0.014235
0.014256
0.014277
0.014298
0.01432
0.014341
0.014362
0.014384
0.014405
0.014427
0.014448
0.01447
0.014491
0.014513
0.014534
0.014556
0.014577
0.014599
0.014621
0.014642
0.014664
0.014686
0.014708
0.014729
0.014751
0.014773
0.014795
0.014817
0.014839
0.014861
0.014883
0.014905
0.014927
0.014949
0.014971
0.014993
0.015015
0.015037
0.015059
0.015082
0.015104
0.015126
0.015148
0.015171
0.015193
0.015215
0.015238
0.01526
0.015283
0.015305
0.015328
0.01535
0.015373
0.015395
0.015418
0.01544
0.015463
0.015486
0.015509
0.015531
0.015554
0.015577
0.0156
0.015622
0.015645
0.015668
0.015691
0.015714
0.015737
0.01576
0.015783
0.015806
0.015829
0.015852
0.015876
0.015899
0.015922
0.015945
0.015968
0.015992
0.016015
0.016038
0.016062
0.016085
0.016108
0.016132
0.016155
0.016179
0.016202
0.016226
0.016249
0.016273
0.016297
0.01632
0.016344
0.016368
0.016391
0.016415
0.016439
0.016463
0.016487
0.016511
0.016535
0.016558
0.016582
0.016606
0.01663
0.016654
0.016679
0.016703
0.016727
0.016751
0.016775
0.016799
0.016824
0.016848
0.016872
0.016896
0.016921
0.016945
0.01697
0.016994
0.017018
0.017043
0.017067
0.017092
0.017117
0.017141
0.017166
0.017191
0.017215
0.01724
0.017265
0.017289
0.017314
0.017339
0.017364
0.017389
0.017414
0.017439
0.017464
0.017489
0.017514
0.017539
0.017564
0.017589
0.017614
0.017639
0.017664
0.01769
0.017715
0.01774
0.017766
0.017791
0.017816
0.017842
0.017867
0.017893
0.017918
0.017944
0.017969
0.017995
0.01802
0.018046
0.018072
0.018097
0.018123
0.018149
0.018175
0.0182
0.018226
0.018252
0.018278
0.018304
0.01833
0.018356
0.018382
0.018408
0.018434
0.01846
0.018486
0.018513
0.018539
0.018565
0.018591
0.018617
0.018644
0.01867
0.018696
0.018723
0.018749
0.018776
0.018802
0.018829
0.018855
0.018882
0.018909
0.018935
0.018962
0.018989
0.019015
0.019042
0.019069
0.019096
0.019123
0.019149
0.019176
0.019203
0.01923
0.019257
0.019284
0.019311
0.019338
0.019366
0.019393
0.01942
0.019447
0.019474
0.019502
0.019529
0.019556
0.019584
0.019611
0.019638
0.019666
0.019693
0.019721
0.019748
0.019776
0.019804
0.019831
0.019859
0.019887
0.019914
0.019942
0.01997
0.019998
0.020026
0.020054
0.020081
0.020109
0.020137
0.020165
0.020193
0.020222
0.02025
0.020278
0.020306
0.020334
0.020362
0.020391
0.020419
0.020447
0.020476
0.020504
0.020532
0.020561
0.020589
0.020618
0.020646
0.020675
0.020704
0.020732
0.020761
0.02079
0.020818
0.020847
0.020876
0.020905
0.020934
0.020962
0.020991
0.02102
0.021049
0.021078
0.021107
0.021136
0.021166
0.021195
0.021224
0.021253
0.021282
0.021312
0.021341
0.02137
0.0214
0.021429
0.021458
0.021488
0.021517
0.021547
0.021576
0.021606
0.021636
0.021665
0.021695
0.021725
0.021755
0.021784
0.021814
0.021844
0.021874
0.021904
0.021934
0.021964
0.021994
0.022024
0.022054
0.022084
0.022114
0.022144
0.022175
0.022205
0.022235
0.022265
0.022296
0.022326
0.022356
0.022387
0.022417
0.022448
0.022478
0.022509
0.02254
0.02257
0.022601
0.022632
0.022662
0.022693
0.022724
0.022755
0.022786
0.022817
0.022848
0.022878
0.022909
0.022941
0.022972
0.023003
0.023034
0.023065
0.023096
0.023127
0.023159
0.02319
0.023221
0.023253
0.023284
0.023316
0.023347
0.023379
0.02341
0.023442
0.023473
0.023505
0.023537
0.023568
0.0236
0.023632
0.023664
0.023695
0.023727
0.023759
0.023791
0.023823
0.023855
0.023887
0.023919
0.023951
0.023984
0.024016
0.024048
0.02408
0.024113
0.024145
0.024177
0.02421
0.024242
0.024275
0.024307
0.02434
0.024372
0.024405
0.024437
0.02447
0.024503
0.024535
0.024568
0.024601
0.024634
0.024667
0.0247
0.024733
0.024766
0.024799
0.024832
0.024865
0.024898
0.024931
0.024964
0.024997
0.025031
0.025064
0.025097
0.025131
0.025164
0.025198
0.025231
0.025265
0.025298
0.025332
0.025365
0.025399
0.025433
0.025466
0.0255
0.025534
0.025568
0.025602
0.025635
0.025669
0.025703
0.025737
0.025771
0.025805
0.02584
0.025874
0.025908
0.025942
0.025976
0.026011
0.026045
0.026079
0.026114
0.026148
0.026183
0.026217
0.026252
0.026286
0.026321
0.026355
0.02639
0.026425
0.02646
0.026494
0.026529
0.026564
0.026599
0.026634
0.026669
0.026704
0.026739
0.026774
0.026809
0.026844
0.026879
0.026915
0.02695
0.026985
0.027021
0.027056
0.027091
0.027127
0.027162
0.027198
0.027233
0.027269
0.027305
0.02734
0.027376
0.027412
0.027447
0.027483
0.027519
0.027555
0.027591
0.027627
0.027663
0.027699
0.027735
0.027771
0.027807
0.027843
0.02788
0.027916
0.027952
0.027989
0.028025
0.028061
0.028098
0.028134
0.028171
0.028207
0.028244
0.028281
0.028317
0.028354
0.028391
0.028427
0.028464
0.028501
0.028538
0.028575
0.028612
0.028649
0.028686
0.028723
0.02876
0.028797
0.028835
0.028872
0.028909
0.028946
0.028984
0.029021
0.029058
0.029096
0.029133
0.029171
0.029209
0.029246
0.029284
0.029322
0.029359
0.029397
0.029435
0.029473
0.029511
0.029548
0.029586
0.029624
0.029662
0.029701
0.029739
0.029777
0.029815
0.029853
0.029892
0.02993
0.029968
0.030007
0.030045
0.030083
0.030122
0.03016
0.030199
0.030238
0.030276
0.030315
0.030354
0.030393
0.030431
0.03047
0.030509
0.030548
0.030587
0.030626
0.030665
0.030704
0.030743
0.030782
0.030822
0.030861
0.0309
0.030939
0.030979
0.031018
0.031058
0.031097
0.031137
0.031176
0.031216
0.031255
0.031295
0.031335
0.031375
0.031414
0.031454
0.031494
0.031534
0.031574
0.031614
0.031654
0.031694
0.031734
0.031774
0.031814
0.031855
0.031895
0.031935
0.031976
0.032016
0.032056
0.032097
0.032137
0.032178
0.032219
0.032259
0.0323
0.032341
0.032381
0.032422
0.032463
0.032504
0.032545
0.032586
0.032627
0.032668
0.032709
0.03275
0.032791
0.032832
0.032874
0.032915
0.032956
0.032998
0.033039
0.03308
0.033122
0.033163
0.033205
0.033247
0.033288
0.03333
0.033372
0.033414
0.033455
0.033497
0.033539
0.033581
0.033623
0.033665
0.033707
0.033749
0.033791
0.033834
0.033876
0.033918
0.03396
0.034003
0.034045
0.034087
0.03413
0.034172
0.034215
0.034258
0.0343
0.034343
0.034386
0.034428
0.034471
0.034514
0.034557
0.0346
0.034643
0.034686
0.034729
0.034772
0.034815
0.034858
0.034902
0.034945
0.034988
0.035032
0.035075
0.035118
0.035162
0.035205
0.035249
0.035293
0.035336
0.03538
0.035424
0.035467
0.035511
0.035555
0.035599
0.035643
0.035687
0.035731
0.035775
0.035819
0.035863
0.035908
0.035952
0.035996
0.03604
0.036085
0.036129
0.036174
0.036218
0.036263
0.036307
0.036352
0.036397
0.036441
0.036486
0.036531
0.036576
0.036621
0.036666
0.03671
0.036756
0.036801
0.036846
0.036891
0.036936
0.036981
0.037027
0.037072
0.037117
0.037163
0.037208
0.037254
0.037299
0.037345
0.03739
0.037436
0.037482
0.037527
0.037573
0.037619
0.037665
0.037711
0.037757
0.037803
0.037849
0.037895
0.037941
0.037987
0.038034
0.03808
0.038126
0.038173
0.038219
0.038266
0.038312
0.038359
0.038405
0.038452
0.038498
0.038545
0.038592
0.038639
0.038686
0.038733
0.038779
0.038826
0.038873
0.038921
0.038968
0.039015
0.039062
0.039109
0.039157
0.039204
0.039251
0.039299
0.039346
0.039394
0.039441
0.039489
0.039537
0.039584
0.039632
0.03968
0.039728
0.039776
0.039824
0.039872
0.03992
0.039968
0.040016
0.040064
0.040112
0.04016
0.040209
0.040257
0.040305
0.040354
0.040402
0.040451
0.040499
0.040548
0.040597
0.040645
0.040694
0.040743
0.040792
0.040841
0.04089
0.040939
0.040988
0.041037
0.041086
0.041135
0.041184
0.041233
0.041283
0.041332
0.041381
0.041431
0.04148
0.04153
0.041579
0.041629
0.041679
0.041728
0.041778
0.041828
0.041878
0.041928
0.041978
0.042028
0.042078
0.042128
0.042178
0.042228
0.042278
0.042329
0.042379
0.042429
0.04248
0.04253
0.042581
0.042631
0.042682
0.042732
0.042783
0.042834
0.042885
0.042935
0.042986
0.043037
0.043088
0.043139
0.04319
0.043241
0.043292
0.043344
0.043395
0.043446
0.043498
0.043549
0.0436
0.043652
0.043703
0.043755
0.043807
0.043858
0.04391
0.043962
0.044014
0.044066
0.044117
0.044169
0.044221
0.044273
0.044326
0.044378
0.04443
0.044482
0.044534
0.044587
0.044639
0.044692
0.044744
0.044797
0.044849
0.044902
0.044955
0.045007
0.04506
0.045113
0.045166
0.045219
0.045272
0.045325
0.045378
0.045431
0.045484
0.045537
0.04559
0.045644
0.045697
0.045751
0.045804
0.045857
0.045911
0.045965
0.046018
0.046072
0.046126
0.04618
0.046233
0.046287
0.046341
0.046395
0.046449
0.046503
0.046557
0.046612
0.046666
0.04672
0.046774
0.046829
0.046883
0.046938
0.046992
0.047047
0.047101
0.047156
0.047211
0.047266
0.04732
0.047375
0.04743
0.047485
0.04754
0.047595
0.04765
0.047706
0.047761
0.047816
0.047871
0.047927
0.047982
0.048038
0.048093
0.048149
0.048204
0.04826
0.048316
0.048371
0.048427
0.048483
0.048539
0.048595
0.048651
0.048707
0.048763
0.048819
0.048876
0.048932
0.048988
0.049045
0.049101
0.049157
0.049214
0.049271
0.049327
0.049384
0.049441
0.049497
0.049554
0.049611
0.049668
0.049725
0.049782
0.049839
0.049896
0.049953
0.05001
0.050068
0.050125
0.050182
0.05024
0.050297
0.050355
0.050412
0.05047
0.050528
0.050586
0.050643
0.050701
0.050759
0.050817
0.050875
0.050933
0.050991
0.051049
0.051107
0.051166
0.051224
0.051282
0.051341
0.051399
0.051458
0.051516
0.051575
0.051633
0.051692
0.051751
0.05181
0.051869
0.051927
0.051986
0.052045
0.052105
0.052164
0.052223
0.052282
0.052341
0.052401
0.05246
0.052519
0.052579
0.052639
0.052698
0.052758
0.052817
0.052877
0.052937
0.052997
0.053057
0.053117
0.053177
0.053237
0.053297
0.053357
0.053417
0.053477
0.053538
0.053598
0.053659
0.053719
0.05378
0.05384
0.053901
0.053962
0.054022
0.054083
0.054144
0.054205
0.054266
0.054327
0.054388
0.054449
0.05451
0.054571
0.054633
0.054694
0.054755
0.054817
0.054878
0.05494
0.055001
0.055063
0.055125
0.055186
0.055248
0.05531
0.055372
0.055434
0.055496
0.055558
0.05562
0.055682
0.055745
0.055807
0.055869
0.055932
0.055994
0.056057
0.056119
0.056182
0.056244
0.056307
0.05637
0.056433
0.056496
0.056558
0.056621
0.056684
0.056748
0.056811
0.056874
0.056937
0.057
0.057064
0.057127
0.057191
0.057254
0.057318
0.057381
0.057445
0.057509
0.057573
0.057637
0.0577
0.057764
0.057828
0.057892
0.057957
0.058021
0.058085
0.058149
0.058214
0.058278
0.058342
0.058407
0.058472
0.058536
0.058601
0.058666
0.05873
0.058795
0.05886
0.058925
0.05899
0.059055
0.05912
0.059185
0.059251
0.059316
0.059381
0.059447
0.059512
0.059578
0.059643
0.059709
0.059774
0.05984
0.059906
0.059972
0.060038
0.060104
0.060169
0.060236
0.060302
0.060368
0.060434
0.0605
0.060567
0.060633
0.060699
0.060766
0.060833
0.060899
0.060966
0.061033
0.061099
0.061166
0.061233
0.0613
0.061367
0.061434
0.061501
0.061568
0.061636
0.061703
0.06177
0.061838
0.061905
0.061973
0.06204
0.062108
0.062175
0.062243
0.062311
0.062379
0.062447
0.062515
0.062583
0.062651
0.062719
0.062787
0.062855
0.062924
0.062992
0.06306
0.063129
0.063197
0.063266
0.063335
0.063403
0.063472
0.063541
0.06361
0.063679
0.063748
0.063817
0.063886
0.063955
0.064024
0.064094
0.064163
0.064232
0.064302
0.064371
0.064441
0.06451
0.06458
0.06465
0.06472
0.064789
0.064859
0.064929
0.064999
0.065069
0.06514
0.06521
0.06528
0.06535
0.065421
0.065491
0.065562
0.065632
0.065703
0.065773
0.065844
0.065915
0.065986
0.066057
0.066128
0.066199
0.06627
0.066341
0.066412
0.066483
0.066554
0.066626
0.066697
0.066769
0.06684
0.066912
0.066984
0.067055
0.067127
0.067199
0.067271
0.067343
0.067415
0.067487
0.067559
0.067631
0.067703
0.067776
0.067848
0.06792
0.067993
0.068065
0.068138
0.068211
0.068283
0.068356
0.068429
0.068502
0.068575
0.068648
0.068721
0.068794
0.068867
0.06894
0.069014
0.069087
0.06916
0.069234
0.069307
0.069381
0.069455
0.069528
0.069602
0.069676
0.06975
0.069824
0.069898
0.069972
0.070046
0.07012
0.070195
0.070269
0.070343
0.070418
0.070492
0.070567
0.070641
0.070716
0.070791
0.070866
0.07094
0.071015
0.07109
0.071165
0.07124
0.071316
0.071391
0.071466
0.071541
0.071617
0.071692
0.071768
0.071843
0.071919
0.071995
0.07207
0.072146
0.072222
0.072298
0.072374
0.07245
0.072526
0.072603
0.072679
0.072755
0.072831
0.072908
0.072984
0.073061
0.073138
0.073214
0.073291
0.073368
0.073445
0.073522
0.073598
0.073676
0.073753
0.07383
0.073907
0.073984
0.074062
0.074139
0.074217
0.074294
0.074372
0.074449
0.074527
0.074605
0.074683
0.074761
0.074839
0.074917
0.074995
0.075073
0.075151
0.075229
0.075308
0.075386
0.075464
0.075543
0.075622
0.0757
0.075779
0.075858
0.075936
0.076015
0.076094
0.076173
0.076252
0.076332
0.076411
0.07649
0.076569
0.076649
0.076728
0.076808
0.076887
0.076967
0.077047
0.077126
0.077206
0.077286
0.077366
0.077446
0.077526
0.077606
0.077686
0.077767
0.077847
0.077927
0.078008
0.078088
0.078169
0.07825
0.07833
0.078411
0.078492
0.078573
0.078654
0.078735
0.078816
0.078897
0.078978
0.079059
0.079141
0.079222
0.079304
0.079385
0.079467
0.079548
0.07963
0.079712
0.079794
0.079876
0.079958
0.08004
0.080122
0.080204
0.080286
0.080368
0.080451
0.080533
0.080616
0.080698
0.080781
0.080864
0.080946
0.081029
0.081112
0.081195
0.081278
0.081361
0.081444
0.081527
0.08161
0.081694
0.081777
0.081861
0.081944
0.082028
0.082111
0.082195
0.082279
0.082362
0.082446
0.08253
0.082614
0.082698
0.082783
0.082867
0.082951
0.083035
0.08312
0.083204
0.083289
0.083373
0.083458
0.083543
0.083628
0.083712
0.083797
0.083882
0.083967
0.084052
0.084138
0.084223
0.084308
0.084394
0.084479
0.084565
0.08465
0.084736
0.084821
0.084907
0.084993
0.085079
0.085165
0.085251
0.085337
0.085423
0.085509
0.085596
0.085682
0.085768
0.085855
0.085942
0.086028
0.086115
0.086202
0.086288
0.086375
0.086462
0.086549
0.086636
0.086723
0.086811
0.086898
0.086985
0.087073
0.08716
0.087248
0.087335
0.087423
0.087511
0.087598
0.087686
0.087774
0.087862
0.08795
0.088038
0.088127
0.088215
0.088303
0.088392
0.08848
0.088569
0.088657
0.088746
0.088835
0.088923
0.089012
0.089101
0.08919
0.089279
0.089368
0.089458
0.089547
0.089636
0.089726
0.089815
0.089905
0.089994
0.090084
0.090174
0.090263
0.090353
0.090443
0.090533
0.090623
0.090713
0.090803
0.090894
0.090984
0.091074
0.091165
0.091255
0.091346
0.091437
0.091527
0.091618
0.091709
0.0918
0.091891
0.091982
0.092073
0.092165
0.092256
0.092347
0.092439
0.09253
0.092622
0.092713
0.092805
0.092897
0.092988
0.09308
0.093172
0.093264
0.093356
0.093449
0.093541
0.093633
0.093725
0.093818
0.09391
0.094003
0.094096
0.094188
0.094281
0.094374
0.094467
0.09456
0.094653
0.094746
0.094839
0.094932
0.095026
0.095119
0.095212
0.095306
0.095399
0.095493
0.095587
0.095681
0.095775
0.095868
0.095962
0.096057
0.096151
0.096245
0.096339
0.096433
0.096528
0.096622
0.096717
0.096812
0.096906
0.097001
0.097096
0.097191
0.097286
0.097381
0.097476
0.097571
0.097666
0.097761
0.097857
0.097952
0.098048
0.098143
0.098239
0.098335
0.098431
0.098526
0.098622
0.098718
0.098814
0.098911
0.099007
0.099103
0.099199
0.099296
0.099392
0.099489
0.099585
0.099682
0.099779
0.099876
0.099973
0.10007
0.10017
0.10026
0.10036
0.10046
0.10056
0.10065
0.10075
0.10085
0.10095
0.10104
0.10114
0.10124
0.10134
0.10143
0.10153
0.10163
0.10173
0.10183
0.10193
0.10202
0.10212
0.10222
0.10232
0.10242
0.10252
0.10262
0.10271
0.10281
0.10291
0.10301
0.10311
0.10321
0.10331
0.10341
0.10351
0.10361
0.10371
0.10381
0.10391
0.10401
0.10411
0.10421
0.10431
0.10441
0.10451
0.10461
0.10471
0.10481
0.10491
0.10501
0.10511
0.10521
0.10531
0.10541
0.10551
0.10561
0.10571
0.10581
0.10592
0.10602
0.10612
0.10622
0.10632
0.10642
0.10652
0.10663
0.10673
0.10683
0.10693
0.10703
0.10713
0.10724
0.10734
0.10744
0.10754
0.10765
0.10775
0.10785
0.10795
0.10806
0.10816
0.10826
0.10836
0.10847
0.10857
0.10867
0.10878
0.10888
0.10898
0.10909
0.10919
0.10929
0.1094
0.1095
0.1096
0.10971
0.10981
0.10992
0.11002
0.11012
0.11023
0.11033
0.11044
0.11054
0.11065
0.11075
0.11085
0.11096
0.11106
0.11117
0.11127
0.11138
0.11148
0.11159
0.11169
0.1118
0.1119
0.11201
0.11211
0.11222
0.11233
0.11243
0.11254
0.11264
0.11275
0.11286
0.11296
0.11307
0.11317
0.11328
0.11339
0.11349
0.1136
0.11371
0.11381
0.11392
0.11403
0.11413
0.11424
0.11435
0.11445
0.11456
0.11467
0.11477
0.11488
0.11499
0.1151
0.1152
0.11531
0.11542
0.11553
0.11564
0.11574
0.11585
0.11596
0.11607
0.11618
0.11628
0.11639
0.1165
0.11661
0.11672
0.11683
0.11694
0.11704
0.11715
0.11726
0.11737
0.11748
0.11759
0.1177
0.11781
0.11792
0.11803
0.11814
0.11825
0.11836
0.11847
0.11858
0.11869
0.1188
0.11891
0.11902
0.11913
0.11924
0.11935
0.11946
0.11957
0.11968
0.11979
0.1199
0.12001
0.12012
0.12023
0.12034
0.12046
0.12057
0.12068
0.12079
0.1209
0.12101
0.12112
0.12124
0.12135
0.12146
0.12157
0.12168
0.12179
0.12191
0.12202
0.12213
0.12224
0.12236
0.12247
0.12258
0.12269
0.12281
0.12292
0.12303
0.12314
0.12326
0.12337
0.12348
0.1236
0.12371
0.12382
0.12394
0.12405
0.12416
0.12428
0.12439
0.12451
0.12462
0.12473
0.12485
0.12496
0.12508
0.12519
0.1253
0.12542
0.12553
0.12565
0.12576
0.12588
0.12599
0.12611
0.12622
0.12634
0.12645
0.12657
0.12668
0.1268
0.12691
0.12703
0.12714
0.12726
0.12738
0.12749
0.12761
0.12772
0.12784
0.12796
0.12807
0.12819
0.1283
0.12842
0.12854
0.12865
0.12877
0.12889
0.129
0.12912
0.12924
0.12936
0.12947
0.12959
0.12971
0.12982
0.12994
0.13006
0.13018
0.13029
0.13041
0.13053
0.13065
0.13077
0.13088
0.131
0.13112
0.13124
0.13136
0.13147
0.13159
0.13171
0.13183
0.13195
0.13207
0.13219
0.13231
0.13242
0.13254
0.13266
0.13278
0.1329
0.13302
0.13314
0.13326
0.13338
0.1335
0.13362
0.13374
0.13386
0.13398
0.1341
0.13422
0.13434
0.13446
0.13458
0.1347
0.13482
0.13494
0.13506
0.13518
0.1353
0.13542
0.13555
0.13567
0.13579
0.13591
0.13603
0.13615
0.13627
0.13639
0.13652
0.13664
0.13676
0.13688
0.137
0.13713
0.13725
0.13737
0.13749
0.13761
0.13774
0.13786
0.13798
0.1381
0.13823
0.13835
0.13847
0.1386
0.13872
0.13884
0.13897
0.13909
0.13921
0.13934
0.13946
0.13958
0.13971
0.13983
0.13995
0.14008
0.1402
0.14033
0.14045
0.14057
0.1407
0.14082
0.14095
0.14107
0.1412
0.14132
0.14145
0.14157
0.1417
0.14182
0.14195
0.14207
0.1422
0.14232
0.14245
0.14257
0.1427
0.14282
0.14295
0.14307
0.1432
0.14333
0.14345
0.14358
0.1437
0.14383
0.14396
0.14408
0.14421
0.14434
0.14446
0.14459
0.14472
0.14484
0.14497
0.1451
0.14522
0.14535
0.14548
0.14561
0.14573
0.14586
0.14599
0.14612
0.14624
0.14637
0.1465
0.14663
0.14676
0.14688
0.14701
0.14714
0.14727
0.1474
0.14753
0.14765
0.14778
0.14791
0.14804
0.14817
0.1483
0.14843
0.14856
0.14869
0.14881
0.14894
0.14907
0.1492
0.14933
0.14946
0.14959
0.14972
0.14985
0.14998
0.15011
0.15024
0.15037
0.1505
0.15063
0.15076
0.15089
0.15102
0.15116
0.15129
0.15142
0.15155
0.15168
0.15181
0.15194
0.15207
0.1522
0.15234
0.15247
0.1526
0.15273
0.15286
0.15299
0.15313
0.15326
0.15339
0.15352
0.15365
0.15379
0.15392
0.15405
0.15418
0.15432
0.15445
0.15458
0.15472
0.15485
0.15498
0.15511
0.15525
0.15538
0.15551
0.15565
0.15578
0.15591
0.15605
0.15618
0.15632
0.15645
0.15658
0.15672
0.15685
0.15699
0.15712
0.15726
0.15739
0.15752
0.15766
0.15779
0.15793
0.15806
0.1582
0.15833
0.15847
0.1586
0.15874
0.15887
0.15901
0.15915
0.15928
0.15942
0.15955
0.15969
0.15982
0.15996
0.1601
0.16023
0.16037
0.1605
0.16064
0.16078
0.16091
0.16105
0.16119
0.16132
0.16146
0.1616
0.16174
0.16187
0.16201
0.16215
0.16228
0.16242
0.16256
0.1627
0.16283
0.16297
0.16311
0.16325
0.16339
0.16352
0.16366
0.1638
0.16394
0.16408
0.16422
0.16435
0.16449
0.16463
0.16477
0.16491
0.16505
0.16519
0.16533
0.16547
0.16561
0.16574
0.16588
0.16602
0.16616
0.1663
0.16644
0.16658
0.16672
0.16686
0.167
0.16714
0.16728
0.16742
0.16756
0.1677
0.16785
0.16799
0.16813
0.16827
0.16841
0.16855
0.16869
0.16883
0.16897
0.16911
0.16926
0.1694
0.16954
0.16968
0.16982
0.16996
0.17011
0.17025
0.17039
0.17053
0.17067
0.17082
0.17096
0.1711
0.17124
0.17139
0.17153
0.17167
0.17181
0.17196
0.1721
0.17224
0.17239
0.17253
0.17267
0.17282
0.17296
0.1731
0.17325
0.17339
0.17354
0.17368
0.17382
0.17397
0.17411
0.17426
0.1744
0.17454
0.17469
0.17483
0.17498
0.17512
0.17527
0.17541
0.17556
0.1757
0.17585
0.17599
0.17614
0.17628
0.17643
0.17657
0.17672
0.17687
0.17701
0.17716
0.1773
0.17745
0.1776
0.17774
0.17789
0.17803
0.17818
0.17833
0.17847
0.17862
0.17877
0.17891
0.17906
0.17921
0.17936
0.1795
0.17965
0.1798
0.17994
0.18009
0.18024
0.18039
0.18053
0.18068
0.18083
0.18098
0.18113
0.18127
0.18142
0.18157
0.18172
0.18187
0.18202
0.18217
0.18231
0.18246
0.18261
0.18276
0.18291
0.18306
0.18321
0.18336
0.18351
0.18366
0.18381
0.18396
0.18411
0.18425
0.1844
0.18455
0.1847
0.18485
0.18501
0.18516
0.18531
0.18546
0.18561
0.18576
0.18591
0.18606
0.18621
0.18636
0.18651
0.18666
0.18681
0.18696
0.18712
0.18727
0.18742
0.18757
0.18772
0.18787
0.18803
0.18818
0.18833
0.18848
0.18863
0.18879
0.18894
0.18909
0.18924
0.1894
0.18955
0.1897
0.18985
0.19001
0.19016
0.19031
0.19047
0.19062
0.19077
0.19093
0.19108
0.19123
0.19139
0.19154
0.19169
0.19185
0.192
0.19216
0.19231
0.19246
0.19262
0.19277
0.19293
0.19308
0.19324
0.19339
0.19355
0.1937
0.19386
0.19401
0.19417
0.19432
0.19448
0.19463
0.19479
0.19494
0.1951
0.19525
0.19541
0.19557
0.19572
0.19588
0.19603
0.19619
0.19635
0.1965
0.19666
0.19681
0.19697
0.19713
0.19728
0.19744
0.1976
0.19776
0.19791
0.19807
0.19823
0.19838
0.19854
0.1987
0.19886
0.19901
0.19917
0.19933
0.19949
0.19965
0.1998
0.19996
0.20012
0.20028
0.20044
0.20059
0.20075
0.20091
0.20107
0.20123
0.20139
0.20155
0.20171
0.20187
0.20202
0.20218
0.20234
0.2025
0.20266
0.20282
0.20298
0.20314
0.2033
0.20346
0.20362
0.20378
0.20394
0.2041
0.20426
0.20442
0.20458
0.20474
0.2049
0.20506
0.20522
0.20539
0.20555
0.20571
0.20587
0.20603
0.20619
0.20635
0.20651
0.20668
0.20684
0.207
0.20716
0.20732
0.20748
0.20765
0.20781
0.20797
0.20813
0.2083
0.20846
0.20862
0.20878
0.20895
0.20911
0.20927
0.20943
0.2096
0.20976
0.20992
0.21009
0.21025
0.21041
0.21058
0.21074
0.2109
0.21107
0.21123
0.2114
0.21156
0.21172
0.21189
0.21205
0.21222
0.21238
0.21255
0.21271
0.21287
0.21304
0.2132
0.21337
0.21353
0.2137
0.21386
0.21403
0.21419
0.21436
0.21453
0.21469
0.21486
0.21502
0.21519
0.21535
0.21552
0.21569
0.21585
0.21602
0.21618
0.21635
0.21652
0.21668
0.21685
0.21702
0.21718
0.21735
0.21752
0.21768
0.21785
0.21802
0.21819
0.21835
0.21852
0.21869
0.21886
0.21902
0.21919
0.21936
0.21953
0.21969
0.21986
0.22003
0.2202
0.22037
0.22054
0.2207
0.22087
0.22104
0.22121
0.22138
0.22155
0.22172
0.22189
0.22205
0.22222
0.22239
0.22256
0.22273
0.2229
0.22307
0.22324
0.22341
0.22358
0.22375
0.22392
0.22409
0.22426
0.22443
0.2246
0.22477
0.22494
0.22511
0.22528
0.22545
0.22562
0.22579
0.22597
0.22614
0.22631
0.22648
0.22665
0.22682
0.22699
0.22716
0.22734
0.22751
0.22768
0.22785
0.22802
0.2282
0.22837
0.22854
0.22871
0.22888
0.22906
0.22923
0.2294
0.22957
0.22975
0.22992
0.23009
0.23027
0.23044
0.23061
0.23078
0.23096
0.23113
0.2313
0.23148
0.23165
0.23183
0.232
0.23217
0.23235
0.23252
0.23269
0.23287
0.23304
0.23322
0.23339
0.23357
0.23374
0.23392
0.23409
0.23427
0.23444
0.23461
0.23479
0.23497
0.23514
0.23532
0.23549
0.23567
0.23584
0.23602
0.23619
0.23637
0.23654
0.23672
0.2369
0.23707
0.23725
0.23742
0.2376
0.23778
0.23795
0.23813
0.23831
0.23848
0.23866
0.23884
0.23901
0.23919
0.23937
0.23955
0.23972
0.2399
0.24008
0.24026
0.24043
0.24061
0.24079
0.24097
0.24114
0.24132
0.2415
0.24168
0.24186
0.24203
0.24221
0.24239
0.24257
0.24275
0.24293
0.24311
0.24328
0.24346
0.24364
0.24382
0.244
0.24418
0.24436
0.24454
0.24472
0.2449
0.24508
0.24526
0.24544
0.24562
0.2458
0.24598
0.24616
0.24634
0.24652
0.2467
0.24688
0.24706
0.24724
0.24742
0.2476
0.24778
0.24796
0.24814
0.24832
0.2485
0.24869
0.24887
0.24905
0.24923
0.24941
0.24959
0.24977
0.24996
0.25014
0.25032
0.2505
0.25068
0.25087
0.25105
0.25123
0.25141
0.2516
0.25178
0.25196
0.25214
0.25233
0.25251
0.25269
0.25287
0.25306
0.25324
0.25342
0.25361
0.25379
0.25397
0.25416
0.25434
0.25452
0.25471
0.25489
0.25508
0.25526
0.25544
0.25563
0.25581
0.256
0.25618
0.25637
0.25655
0.25673
0.25692
0.2571
0.25729
0.25747
0.25766
0.25784
0.25803
0.25821
0.2584
0.25859
0.25877
0.25896
0.25914
0.25933
0.25951
0.2597
0.25988
0.26007
0.26026
0.26044
0.26063
0.26082
0.261
0.26119
0.26137
0.26156
0.26175
0.26193
0.26212
0.26231
0.2625
0.26268
0.26287
0.26306
0.26324
0.26343
0.26362
0.26381
0.26399
0.26418
0.26437
0.26456
0.26475
0.26493
0.26512
0.26531
0.2655
0.26569
0.26587
0.26606
0.26625
0.26644
0.26663
0.26682
0.26701
0.26719
0.26738
0.26757
0.26776
0.26795
0.26814
0.26833
0.26852
0.26871
0.2689
0.26909
0.26928
0.26947
0.26966
0.26985
0.27004
0.27023
0.27042
0.27061
0.2708
0.27099
0.27118
0.27137
0.27156
0.27175
0.27194
0.27213
0.27232
0.27251
0.2727
0.2729
0.27309
0.27328
0.27347
0.27366
0.27385
0.27404
0.27424
0.27443
0.27462
0.27481
0.275
0.27519
0.27539
0.27558
0.27577
0.27596
0.27616
0.27635
0.27654
0.27673
0.27693
0.27712
0.27731
0.2775
0.2777
0.27789
0.27808
0.27828
0.27847
0.27866
0.27886
0.27905
0.27924
0.27944
0.27963
0.27982
0.28002
0.28021
0.28041
0.2806
0.28079
0.28099
0.28118
0.28138
0.28157
0.28177
0.28196
0.28216
0.28235
0.28254
0.28274
0.28293
0.28313
0.28332
0.28352
0.28372
0.28391
0.28411
0.2843
0.2845
0.28469
0.28489
0.28508
0.28528
0.28548
0.28567
0.28587
0.28606
0.28626
0.28646
0.28665
0.28685
0.28704
0.28724
0.28744
0.28763
0.28783
0.28803
0.28822
0.28842
0.28862
0.28882
0.28901
0.28921
0.28941
0.28961
0.2898
0.29
0.2902
0.2904
0.29059
0.29079
0.29099
0.29119
0.29138
0.29158
0.29178
0.29198
0.29218
0.29238
0.29257
0.29277
0.29297
0.29317
0.29337
0.29357
0.29377
0.29397
0.29416
0.29436
0.29456
0.29476
0.29496
0.29516
0.29536
0.29556
0.29576
0.29596
0.29616
0.29636
0.29656
0.29676
0.29696
0.29716
0.29736
0.29756
0.29776
0.29796
0.29816
0.29836
0.29856
0.29876
0.29896
0.29916
0.29936
0.29956
0.29976
0.29997
0.30017
0.30037
0.30057
0.30077
0.30097
0.30117
0.30137
0.30158
0.30178
0.30198
0.30218
0.30238
0.30258
0.30279
0.30299
0.30319
0.30339
0.3036
0.3038
0.304
0.3042
0.3044
0.30461
0.30481
0.30501
0.30522
0.30542
0.30562
0.30582
0.30603
0.30623
0.30643
0.30664
0.30684
0.30704
0.30725
0.30745
0.30765
0.30786
0.30806
0.30827
0.30847
0.30867
0.30888
0.30908
0.30929
0.30949
0.30969
0.3099
0.3101
0.31031
0.31051
0.31072
0.31092
0.31113
0.31133
0.31154
0.31174
0.31194
0.31215
0.31236
0.31256
0.31277
0.31297
0.31318
0.31338
0.31359
0.31379
0.314
0.3142
0.31441
0.31462
0.31482
0.31503
0.31523
0.31544
0.31565
0.31585
0.31606
0.31626
0.31647
0.31668
0.31688
0.31709
0.3173
0.3175
0.31771
0.31792
0.31812
0.31833
0.31854
0.31875
0.31895
0.31916
0.31937
0.31958
0.31978
0.31999
0.3202
0.32041
0.32061
0.32082
0.32103
0.32124
0.32144
0.32165
0.32186
0.32207
0.32228
0.32249
0.32269
0.3229
0.32311
0.32332
0.32353
0.32374
0.32394
0.32415
0.32436
0.32457
0.32478
0.32499
0.3252
0.32541
0.32562
0.32583
0.32604
0.32624
0.32645
0.32666
0.32687
0.32708
0.32729
0.3275
0.32771
0.32792
0.32813
0.32834
0.32855
0.32876
0.32897
0.32918
0.32939
0.3296
0.32981
0.33002
0.33024
0.33045
0.33066
0.33087
0.33108
0.33129
0.3315
0.33171
0.33192
0.33213
0.33234
0.33256
0.33277
0.33298
0.33319
0.3334
0.33361
0.33382
0.33404
0.33425
0.33446
0.33467
0.33488
0.3351
0.33531
0.33552
0.33573
0.33594
0.33616
0.33637
0.33658
0.33679
0.33701
0.33722
0.33743
0.33764
0.33786
0.33807
0.33828
0.33849
0.33871
0.33892
0.33913
0.33935
0.33956
0.33977
0.33999
0.3402
0.34041
0.34063
0.34084
0.34105
0.34127
0.34148
0.34169
0.34191
0.34212
0.34234
0.34255
0.34276
0.34298
0.34319
0.34341
0.34362
0.34384
0.34405
0.34426
0.34448
0.34469
0.34491
0.34512
0.34534
0.34555
0.34577
0.34598
0.3462
0.34641
0.34663
0.34684
0.34706
0.34727
0.34749
0.3477
0.34792
0.34813
0.34835
0.34857
0.34878
0.349
0.34921
0.34943
0.34964
0.34986
0.35008
0.35029
0.35051
0.35072
0.35094
0.35116
0.35137
0.35159
0.35181
0.35202
0.35224
0.35246
0.35267
0.35289
0.35311
0.35332
0.35354
0.35376
0.35397
0.35419
0.35441
0.35462
0.35484
0.35506
0.35528
0.35549
0.35571
0.35593
0.35615
0.35636
0.35658
0.3568
0.35702
0.35723
0.35745
0.35767
0.35789
0.3581
0.35832
0.35854
0.35876
0.35898
0.3592
0.35941
0.35963
0.35985
0.36007
0.36029
0.36051
0.36072
0.36094
0.36116
0.36138
0.3616
0.36182
0.36204
0.36226
0.36247
0.36269
0.36291
0.36313
0.36335
0.36357
0.36379
0.36401
0.36423
0.36445
0.36467
0.36489
0.36511
0.36533
0.36555
0.36577
0.36599
0.36621
0.36643
0.36665
0.36687
0.36709
0.36731
0.36753
0.36775
0.36797
0.36819
0.36841
0.36863
0.36885
0.36907
0.36929
0.36951
0.36973
0.36995
0.37017
0.37039
0.37061
0.37083
0.37105
0.37127
0.3715
0.37172
0.37194
0.37216
0.37238
0.3726
0.37282
0.37304
0.37327
0.37349
0.37371
0.37393
0.37415
0.37437
0.3746
0.37482
0.37504
0.37526
0.37548
0.3757
0.37593
0.37615
0.37637
0.37659
0.37681
0.37704
0.37726
0.37748
0.3777
0.37793
0.37815
0.37837
0.37859
0.37882
0.37904
0.37926
0.37948
0.37971
0.37993
0.38015
0.38037
0.3806
0.38082
0.38104
0.38127
0.38149
0.38171
0.38194
0.38216
0.38238
0.38261
0.38283
0.38305
0.38328
0.3835
0.38372
0.38395
0.38417
0.38439
0.38462
0.38484
0.38506
0.38529
0.38551
0.38574
0.38596
0.38618
0.38641
0.38663
0.38686
0.38708
0.3873
0.38753
0.38775
0.38798
0.3882
0.38843
0.38865
0.38888
0.3891
0.38932
0.38955
0.38977
0.39
0.39022
0.39045
0.39067
0.3909
0.39112
0.39135
0.39157
0.3918
0.39202
0.39225
0.39247
0.3927
0.39292
0.39315
0.39337
0.3936
0.39382
0.39405
0.39428
0.3945
0.39473
0.39495
0.39518
0.3954
0.39563
0.39585
0.39608
0.39631
0.39653
0.39676
0.39698
0.39721
0.39744
0.39766
0.39789
0.39811
0.39834
0.39857
0.39879
0.39902
0.39925
0.39947
0.3997
0.39992
0.40015
0.40038
0.4006
0.40083
0.40106
0.40128
0.40151
0.40174
0.40196
0.40219
0.40242
0.40264
0.40287
0.4031
0.40333
0.40355
0.40378
0.40401
0.40423
0.40446
0.40469
0.40492
0.40514
0.40537
0.4056
0.40582
0.40605
0.40628
0.40651
0.40673
0.40696
0.40719
0.40742
0.40764
0.40787
0.4081
0.40833
0.40856
0.40878
0.40901
0.40924
0.40947
0.4097
0.40992
0.41015
0.41038
0.41061
0.41084
0.41106
0.41129
0.41152
0.41175
0.41198
0.4122
0.41243
0.41266
0.41289
0.41312
0.41335
0.41358
0.4138
0.41403
0.41426
0.41449
0.41472
0.41495
0.41518
0.4154
0.41563
0.41586
0.41609
0.41632
0.41655
0.41678
0.41701
0.41724
0.41746
0.41769
0.41792
0.41815
0.41838
0.41861
0.41884
0.41907
0.4193
0.41953
0.41976
0.41999
0.42022
0.42045
0.42067
0.4209
0.42113
0.42136
0.42159
0.42182
0.42205
0.42228
0.42251
0.42274
0.42297
0.4232
0.42343
0.42366
0.42389
0.42412
0.42435
0.42458
0.42481
0.42504
0.42527
0.4255
0.42573
0.42596
0.42619
0.42642
0.42665
0.42688
0.42711
0.42734
0.42757
0.4278
0.42803
0.42826
0.42849
0.42872
0.42895
0.42918
0.42941
0.42965
0.42988
0.43011
0.43034
0.43057
0.4308
0.43103
0.43126
0.43149
0.43172
0.43195
0.43218
0.43241
0.43264
0.43288
0.43311
0.43334
0.43357
0.4338
0.43403
0.43426
0.43449
0.43472
0.43495
0.43519
0.43542
0.43565
0.43588
0.43611
0.43634
0.43657
0.4368
0.43703
0.43727
0.4375
0.43773
0.43796
0.43819
0.43842
0.43865
0.43889
0.43912
0.43935
0.43958
0.43981
0.44004
0.44028
0.44051
0.44074
0.44097
0.4412
0.44143
0.44167
0.4419
0.44213
0.44236
0.44259
0.44282
0.44306
0.44329
0.44352
0.44375
0.44398
0.44422
0.44445
0.44468
0.44491
0.44514
0.44538
0.44561
0.44584
0.44607
0.4463
0.44654
0.44677
0.447
0.44723
0.44746
0.4477
0.44793
0.44816
0.44839
0.44863
0.44886
0.44909
0.44932
0.44956
0.44979
0.45002
0.45025
0.45048
0.45072
0.45095
0.45118
0.45141
0.45165
0.45188
0.45211
0.45234
0.45258
0.45281
0.45304
0.45328
0.45351
0.45374
0.45397
0.45421
0.45444
0.45467
0.4549
0.45514
0.45537
0.4556
0.45583
0.45607
0.4563
0.45653
0.45677
0.457
0.45723
0.45746
0.4577
0.45793
0.45816
0.4584
0.45863
0.45886
0.4591
0.45933
0.45956
0.45979
0.46003
0.46026
0.46049
0.46073
0.46096
0.46119
0.46143
0.46166
0.46189
0.46213
0.46236
0.46259
0.46282
0.46306
0.46329
0.46352
0.46376
0.46399
0.46422
0.46446
0.46469
0.46492
0.46516
0.46539
0.46562
0.46586
0.46609
0.46632
0.46656
0.46679
0.46702
0.46726
0.46749
0.46772
0.46796
0.46819
0.46842
0.46866
0.46889
0.46912
0.46936
0.46959
0.46982
0.47006
0.47029
0.47053
0.47076
0.47099
0.47123
0.47146
0.47169
0.47193
0.47216
0.47239
0.47263
0.47286
0.47309
0.47333
0.47356
0.47379
0.47403
0.47426
0.4745
0.47473
0.47496
0.4752
0.47543
0.47566
0.4759
0.47613
0.47636
0.4766
0.47683
0.47707
0.4773
0.47753
0.47777
0.478
0.47823
0.47847
0.4787
0.47894
0.47917
0.4794
0.47964
0.47987
0.4801
0.48034
0.48057
0.48081
0.48104
0.48127
0.48151
0.48174
0.48197
0.48221
0.48244
0.48268
0.48291
0.48314
0.48338
0.48361
0.48384
0.48408
0.48431
0.48455
0.48478
0.48501
0.48525
0.48548
0.48571
0.48595
0.48618
0.48642
0.48665
0.48688
0.48712
0.48735
0.48758
0.48782
0.48805
0.48829
0.48852
0.48875
0.48899
0.48922
0.48946
0.48969
0.48992
0.49016
0.49039
0.49062
0.49086
0.49109
0.49133
0.49156
0.49179
0.49203
0.49226
0.49249
0.49273
0.49296
0.4932
0.49343
0.49366
0.4939
0.49413
0.49436
0.4946
0.49483
0.49507
0.4953
0.49553
0.49577
0.496
0.49623
0.49647
0.4967
0.49694
0.49717
0.4974
0.49764
0.49787
0.4981
0.49834
0.49857
0.49881
0.49904
0.49927
0.49951
0.49974
0.49997
0.50021
0.50044
0.50068
0.50091
0.50114
0.50138
0.50161
0.50184
0.50208
0.50231
0.50254
0.50278
0.50301
0.50325
0.50348
0.50371
0.50395
0.50418
0.50441
0.50465
0.50488
0.50511
0.50535
0.50558
0.50581
0.50605
0.50628
0.50651
0.50675
0.50698
0.50722
0.50745
0.50768
0.50792
0.50815
0.50838
0.50862
0.50885
0.50908
0.50932
0.50955
0.50978
0.51002
0.51025
0.51048
0.51072
0.51095
0.51118
0.51142
0.51165
0.51188
0.51212
0.51235
0.51258
0.51282
0.51305
0.51328
0.51352
0.51375
0.51398
0.51422
0.51445
0.51468
0.51491
0.51515
0.51538
0.51561
0.51585
0.51608
0.51631
0.51655
0.51678
0.51701
0.51725
0.51748
0.51771
0.51794
0.51818
0.51841
0.51864
0.51888
0.51911
0.51934
0.51958
0.51981
0.52004
0.52027
0.52051
0.52074
0.52097
0.5212
0.52144
0.52167
0.5219
0.52214
0.52237
0.5226
0.52283
0.52307
0.5233
0.52353
0.52376
0.524
0.52423
0.52446
0.5247
0.52493
0.52516
0.52539
0.52563
0.52586
0.52609
0.52632
0.52655
0.52679
0.52702
0.52725
0.52748
0.52772
0.52795
0.52818
0.52841
0.52865
0.52888
0.52911
0.52934
0.52957
0.52981
0.53004
0.53027
0.5305
0.53074
0.53097
0.5312
0.53143
0.53166
0.5319
0.53213
0.53236
0.53259
0.53282
0.53306
0.53329
0.53352
0.53375
0.53398
0.53422
0.53445
0.53468
0.53491
0.53514
0.53537
0.53561
0.53584
0.53607
0.5363
0.53653
0.53676
0.537
0.53723
0.53746
0.53769
0.53792
0.53815
0.53838
0.53862
0.53885
0.53908
0.53931
0.53954
0.53977
0.54
0.54023
0.54047
0.5407
0.54093
0.54116
0.54139
0.54162
0.54185
0.54208
0.54232
0.54255
0.54278
0.54301
0.54324
0.54347
0.5437
0.54393
0.54416
0.54439
0.54462
0.54486
0.54509
0.54532
0.54555
0.54578
0.54601
0.54624
0.54647
0.5467
0.54693
0.54716
0.54739
0.54762
0.54785
0.54808
0.54831
0.54854
0.54877
0.549
0.54924
0.54947
0.5497
0.54993
0.55016
0.55039
0.55062
0.55085
0.55108
0.55131
0.55154
0.55177
0.552
0.55223
0.55246
0.55269
0.55292
0.55315
0.55338
0.55361
0.55384
0.55406
0.55429
0.55452
0.55475
0.55498
0.55521
0.55544
0.55567
0.5559
0.55613
0.55636
0.55659
0.55682
0.55705
0.55728
0.55751
0.55774
0.55797
0.55819
0.55842
0.55865
0.55888
0.55911
0.55934
0.55957
0.5598
0.56003
0.56026
0.56048
0.56071
0.56094
0.56117
0.5614
0.56163
0.56186
0.56209
0.56231
0.56254
0.56277
0.563
0.56323
0.56346
0.56369
0.56391
0.56414
0.56437
0.5646
0.56483
0.56505
0.56528
0.56551
0.56574
0.56597
0.5662
0.56642
0.56665
0.56688
0.56711
0.56733
0.56756
0.56779
0.56802
0.56825
0.56847
0.5687
0.56893
0.56916
0.56938
0.56961
0.56984
0.57007
0.57029
0.57052
0.57075
0.57098
0.5712
0.57143
0.57166
0.57188
0.57211
0.57234
0.57257
0.57279
0.57302
0.57325
0.57347
0.5737
0.57393
0.57415
0.57438
0.57461
0.57483
0.57506
0.57529
0.57551
0.57574
0.57597
0.57619
0.57642
0.57665
0.57687
0.5771
0.57733
0.57755
0.57778
0.578
0.57823
0.57846
0.57868
0.57891
0.57913
0.57936
0.57959
0.57981
0.58004
0.58026
0.58049
0.58071
0.58094
0.58117
0.58139
0.58162
0.58184
0.58207
0.58229
0.58252
0.58274
0.58297
0.58319
0.58342
0.58364
0.58387
0.58409
0.58432
0.58454
0.58477
0.58499
0.58522
0.58544
0.58567
0.58589
0.58612
0.58634
0.58657
0.58679
0.58702
0.58724
0.58746
0.58769
0.58791
0.58814
0.58836
0.58859
0.58881
0.58903
0.58926
0.58948
0.58971
0.58993
0.59015
0.59038
0.5906
0.59083
0.59105
0.59127
0.5915
0.59172
0.59194
0.59217
0.59239
0.59261
0.59284
0.59306
0.59328
0.59351
0.59373
0.59395
0.59418
0.5944
0.59462
0.59485
0.59507
0.59529
0.59551
0.59574
0.59596
0.59618
0.5964
0.59663
0.59685
0.59707
0.59729
0.59752
0.59774
0.59796
0.59818
0.59841
0.59863
0.59885
0.59907
0.59929
0.59952
0.59974
0.59996
0.60018
0.6004
0.60063
0.60085
0.60107
0.60129
0.60151
0.60173
0.60195
0.60218
0.6024
0.60262
0.60284
0.60306
0.60328
0.6035
0.60372
0.60395
0.60417
0.60439
0.60461
0.60483
0.60505
0.60527
0.60549
0.60571
0.60593
0.60615
0.60637
0.60659
0.60681
0.60703
0.60725
0.60747
0.60769
0.60791
0.60813
0.60835
0.60857
0.60879
0.60901
0.60923
0.60945
0.60967
0.60989
0.61011
0.61033
0.61055
0.61077
0.61099
0.61121
0.61143
0.61165
0.61187
0.61209
0.61231
0.61252
0.61274
0.61296
0.61318
0.6134
0.61362
0.61384
0.61406
0.61427
0.61449
0.61471
0.61493
0.61515
0.61537
0.61558
0.6158
0.61602
0.61624
0.61646
0.61667
0.61689
0.61711
0.61733
0.61755
0.61776
0.61798
0.6182
0.61842
0.61863
0.61885
0.61907
0.61929
0.6195
0.61972
0.61994
0.62016
0.62037
0.62059
0.62081
0.62102
0.62124
0.62146
0.62167
0.62189
0.62211
0.62232
0.62254
0.62276
0.62297
0.62319
0.6234
0.62362
0.62384
0.62405
0.62427
0.62449
0.6247
0.62492
0.62513
0.62535
0.62556
0.62578
0.626
0.62621
0.62643
0.62664
0.62686
0.62707
0.62729
0.6275
0.62772
0.62793
0.62815
0.62836
0.62858
0.62879
0.62901
0.62922
0.62944
0.62965
0.62987
0.63008
0.63029
0.63051
0.63072
0.63094
0.63115
0.63137
0.63158
0.63179
0.63201
0.63222
0.63244
0.63265
0.63286
0.63308
0.63329
0.6335
0.63372
0.63393
0.63414
0.63436
0.63457
0.63478
0.635
0.63521
0.63542
0.63564
0.63585
0.63606
0.63627
0.63649
0.6367
0.63691
0.63712
0.63734
0.63755
0.63776
0.63797
0.63819
0.6384
0.63861
0.63882
0.63903
0.63925
0.63946
0.63967
0.63988
0.64009
0.6403
0.64052
0.64073
0.64094
0.64115
0.64136
0.64157
0.64178
0.64199
0.6422
0.64242
0.64263
0.64284
0.64305
0.64326
0.64347
0.64368
0.64389
0.6441
0.64431
0.64452
0.64473
0.64494
0.64515
0.64536
0.64557
0.64578
0.64599
0.6462
0.64641
0.64662
0.64683
0.64704
0.64725
0.64746
0.64767
0.64788
0.64809
0.6483
0.6485
0.64871
0.64892
0.64913
0.64934
0.64955
0.64976
0.64997
0.65017
0.65038
0.65059
0.6508
0.65101
0.65122
0.65142
0.65163
0.65184
0.65205
0.65226
0.65246
0.65267
0.65288
0.65309
0.65329
0.6535
0.65371
0.65392
0.65412
0.65433
0.65454
0.65475
0.65495
0.65516
0.65537
0.65557
0.65578
0.65599
0.65619
0.6564
0.65661
0.65681
0.65702
0.65723
0.65743
0.65764
0.65784
0.65805
0.65826
0.65846
0.65867
0.65887
0.65908
0.65928
0.65949
0.6597
0.6599
0.66011
0.66031
0.66052
0.66072
0.66093
0.66113
0.66134
0.66154
0.66175
0.66195
0.66216
0.66236
0.66256
0.66277
0.66297
0.66318
0.66338
0.66359
0.66379
0.66399
0.6642
0.6644
0.66461
0.66481
0.66501
0.66522
0.66542
0.66562
0.66583
0.66603
0.66623
0.66644
0.66664
0.66684
0.66705
0.66725
0.66745
0.66765
0.66786
0.66806
0.66826
0.66846
0.66867
0.66887
0.66907
0.66927
0.66947
0.66968
0.66988
0.67008
0.67028
0.67048
0.67069
0.67089
0.67109
0.67129
0.67149
0.67169
0.67189
0.6721
0.6723
0.6725
0.6727
0.6729
0.6731
0.6733
0.6735
0.6737
0.6739
0.6741
0.6743
0.6745
0.6747
0.6749
0.6751
0.6753
0.6755
0.6757
0.6759
0.6761
0.6763
0.6765
0.6767
0.6769
0.6771
0.6773
0.6775
0.6777
0.6779
0.6781
0.6783
0.67849
0.67869
0.67889
0.67909
0.67929
0.67949
0.67969
0.67988
0.68008
0.68028
0.68048
0.68068
0.68087
0.68107
0.68127
0.68147
0.68167
0.68186
0.68206
0.68226
0.68246
0.68265
0.68285
0.68305
0.68324
0.68344
0.68364
0.68383
0.68403
0.68423
0.68442
0.68462
0.68482
0.68501
0.68521
0.68541
0.6856
0.6858
0.68599
0.68619
0.68639
0.68658
0.68678
0.68697
0.68717
0.68736
0.68756
0.68775
0.68795
0.68815
0.68834
0.68854
0.68873
0.68892
0.68912
0.68931
0.68951
0.6897
0.6899
0.69009
0.69029
0.69048
0.69068
0.69087
0.69106
0.69126
0.69145
0.69164
0.69184
0.69203
0.69223
0.69242
0.69261
0.69281
0.693
0.69319
0.69339
0.69358
0.69377
0.69396
0.69416
0.69435
0.69454
0.69473
0.69493
0.69512
0.69531
0.6955
0.6957
0.69589
0.69608
0.69627
0.69646
0.69666
0.69685
0.69704
0.69723
0.69742
0.69761
0.6978
0.698
0.69819
0.69838
0.69857
0.69876
0.69895
0.69914
0.69933
0.69952
0.69971
0.6999
0.70009
0.70028
0.70047
0.70067
0.70086
0.70105
0.70123
0.70142
0.70161
0.7018
0.70199
0.70218
0.70237
0.70256
0.70275
0.70294
0.70313
0.70332
0.70351
0.7037
0.70389
0.70407
0.70426
0.70445
0.70464
0.70483
0.70502
0.7052
0.70539
0.70558
0.70577
0.70596
0.70614
0.70633
0.70652
0.70671
0.70689
0.70708
0.70727
0.70746
0.70764
0.70783
0.70802
0.7082
0.70839
0.70858
0.70877
0.70895
0.70914
0.70932
0.70951
0.7097
0.70988
0.71007
0.71026
0.71044
0.71063
0.71081
0.711
0.71119
0.71137
0.71156
0.71174
0.71193
0.71211
0.7123
0.71248
0.71267
0.71285
0.71304
0.71322
0.71341
0.71359
0.71378
0.71396
0.71414
0.71433
0.71451
0.7147
0.71488
0.71507
0.71525
0.71543
0.71562
0.7158
0.71598
0.71617
0.71635
0.71653
0.71672
0.7169
0.71708
0.71727
0.71745
0.71763
0.71781
0.718
0.71818
0.71836
0.71854
0.71873
0.71891
0.71909
0.71927
0.71946
0.71964
0.71982
0.72
0.72018
0.72036
0.72055
0.72073
0.72091
0.72109
0.72127
0.72145
0.72163
0.72181
0.722
0.72218
0.72236
0.72254
0.72272
0.7229
0.72308
0.72326
0.72344
0.72362
0.7238
0.72398
0.72416
0.72434
0.72452
0.7247
0.72488
0.72506
0.72524
0.72542
0.72559
0.72577
0.72595
0.72613
0.72631
0.72649
0.72667
0.72685
0.72703
0.7272
0.72738
0.72756
0.72774
0.72792
0.72809
0.72827
0.72845
0.72863
0.72881
0.72898
0.72916
0.72934
0.72952
0.72969
0.72987
0.73005
0.73022
0.7304
0.73058
0.73076
0.73093
0.73111
0.73129
0.73146
0.73164
0.73181
0.73199
0.73217
0.73234
0.73252
0.73269
0.73287
0.73305
0.73322
0.7334
0.73357
0.73375
0.73392
0.7341
0.73427
0.73445
0.73462
0.7348
0.73497
0.73515
0.73532
0.7355
0.73567
0.73585
0.73602
0.73619
0.73637
0.73654
0.73672
0.73689
0.73706
0.73724
0.73741
0.73758
0.73776
0.73793
0.7381
0.73828
0.73845
0.73862
0.7388
0.73897
0.73914
0.73932
0.73949
0.73966
0.73983
0.74001
0.74018
0.74035
0.74052
0.74069
0.74087
0.74104
0.74121
0.74138
0.74155
0.74172
0.7419
0.74207
0.74224
0.74241
0.74258
0.74275
0.74292
0.74309
0.74326
0.74343
0.7436
0.74378
0.74395
0.74412
0.74429
0.74446
0.74463
0.7448
0.74497
0.74514
0.74531
0.74548
0.74564
0.74581
0.74598
0.74615
0.74632
0.74649
0.74666
0.74683
0.747
0.74717
0.74734
0.7475
0.74767
0.74784
0.74801
0.74818
0.74835
0.74851
0.74868
0.74885
0.74902
0.74919
0.74935
0.74952
0.74969
0.74986
0.75002
0.75019
0.75036
0.75052
0.75069
0.75086
0.75103
0.75119
0.75136
0.75153
0.75169
0.75186
0.75202
0.75219
0.75236
0.75252
0.75269
0.75285
0.75302
0.75319
0.75335
0.75352
0.75368
0.75385
0.75401
0.75418
0.75434
0.75451
0.75467
0.75484
0.755
0.75517
0.75533
0.7555
0.75566
0.75583
0.75599
0.75615
0.75632
0.75648
0.75665
0.75681
0.75697
0.75714
0.7573
0.75747
0.75763
0.75779
0.75795
0.75812
0.75828
0.75844
0.75861
0.75877
0.75893
0.7591
0.75926
0.75942
0.75958
0.75975
0.75991
0.76007
0.76023
0.76039
0.76056
0.76072
0.76088
0.76104
0.7612
0.76136
0.76152
0.76169
0.76185
0.76201
0.76217
0.76233
0.76249
0.76265
0.76281
0.76297
0.76313
0.76329
0.76345
0.76361
0.76377
0.76393
0.76409
0.76425
0.76441
0.76457
0.76473
0.76489
0.76505
0.76521
0.76537
0.76553
0.76569
0.76585
0.76601
0.76617
0.76633
0.76648
0.76664
0.7668
0.76696
0.76712
0.76728
0.76743
0.76759
0.76775
0.76791
0.76807
0.76822
0.76838
0.76854
0.7687
0.76885
0.76901
0.76917
0.76933
0.76948
0.76964
0.7698
0.76995
0.77011
0.77027
0.77042
0.77058
0.77074
0.77089
0.77105
0.77121
0.77136
0.77152
0.77167
0.77183
0.77199
0.77214
0.7723
0.77245
0.77261
0.77276
0.77292
0.77307
0.77323
0.77338
0.77354
0.77369
0.77385
0.774
0.77416
0.77431
0.77447
0.77462
0.77477
0.77493
0.77508
0.77524
0.77539
0.77554
0.7757
0.77585
0.776
0.77616
0.77631
0.77646
0.77662
0.77677
0.77692
0.77708
0.77723
0.77738
0.77753
0.77769
0.77784
0.77799
0.77814
0.7783
0.77845
0.7786
0.77875
0.7789
0.77906
0.77921
0.77936
0.77951
0.77966
0.77981
0.77996
0.78012
0.78027
0.78042
0.78057
0.78072
0.78087
0.78102
0.78117
0.78132
0.78147
0.78162
0.78177
0.78192
0.78207
0.78222
0.78237
0.78252
0.78267
0.78282
0.78297
0.78312
0.78327
0.78342
0.78357
0.78372
0.78387
0.78402
0.78417
0.78431
0.78446
0.78461
0.78476
0.78491
0.78506
0.78521
0.78535
0.7855
0.78565
0.7858
0.78595
0.78609
0.78624
0.78639
0.78654
0.78668
0.78683
0.78698
0.78713
0.78727
0.78742
0.78757
0.78771
0.78786
0.78801
0.78815
0.7883
0.78845
0.78859
0.78874
0.78889
0.78903
0.78918
0.78932
0.78947
0.78961
0.78976
0.78991
0.79005
0.7902
0.79034
0.79049
0.79063
0.79078
0.79092
0.79107
0.79121
0.79136
0.7915
0.79165
0.79179
0.79194
0.79208
0.79222
0.79237
0.79251
0.79266
0.7928
0.79294
0.79309
0.79323
0.79337
0.79352
0.79366
0.7938
0.79395
0.79409
0.79423
0.79438
0.79452
0.79466
0.79481
0.79495
0.79509
0.79523
0.79538
0.79552
0.79566
0.7958
0.79594
0.79609
0.79623
0.79637
0.79651
0.79665
0.79679
0.79694
0.79708
0.79722
0.79736
0.7975
0.79764
0.79778
0.79792
0.79806
0.79821
0.79835
0.79849
0.79863
0.79877
0.79891
0.79905
0.79919
0.79933
0.79947
0.79961
0.79975
0.79989
0.80003
0.80017
0.80031
0.80044
0.80058
0.80072
0.80086
0.801
0.80114
0.80128
0.80142
0.80156
0.8017
0.80183
0.80197
0.80211
0.80225
0.80239
0.80253
0.80266
0.8028
0.80294
0.80308
0.80321
0.80335
0.80349
0.80363
0.80376
0.8039
0.80404
0.80418
0.80431
0.80445
0.80459
0.80472
0.80486
0.805
0.80513
0.80527
0.80541
0.80554
0.80568
0.80581
0.80595
0.80609
0.80622
0.80636
0.80649
0.80663
0.80676
0.8069
0.80704
0.80717
0.80731
0.80744
0.80758
0.80771
0.80785
0.80798
0.80812
0.80825
0.80838
0.80852
0.80865
0.80879
0.80892
0.80906
0.80919
0.80932
0.80946
0.80959
0.80973
0.80986
0.80999
0.81013
0.81026
0.81039
0.81053
0.81066
0.81079
0.81092
0.81106
0.81119
0.81132
0.81146
0.81159
0.81172
0.81185
0.81199
0.81212
0.81225
0.81238
0.81251
0.81265
0.81278
0.81291
0.81304
0.81317
0.8133
0.81344
0.81357
0.8137
0.81383
0.81396
0.81409
0.81422
0.81435
0.81448
0.81461
0.81475
0.81488
0.81501
0.81514
0.81527
0.8154
0.81553
0.81566
0.81579
0.81592
0.81605
0.81618
0.81631
0.81644
0.81656
0.81669
0.81682
0.81695
0.81708
0.81721
0.81734
0.81747
0.8176
0.81773
0.81786
0.81798
0.81811
0.81824
0.81837
0.8185
0.81863
0.81875
0.81888
0.81901
0.81914
0.81926
0.81939
0.81952
0.81965
0.81977
0.8199
0.82003
0.82016
0.82028
0.82041
0.82054
0.82066
0.82079
0.82092
0.82104
0.82117
0.8213
0.82142
0.82155
0.82168
0.8218
0.82193
0.82205
0.82218
0.82231
0.82243
0.82256
0.82268
0.82281
0.82293
0.82306
0.82319
0.82331
0.82344
0.82356
0.82369
0.82381
0.82393
0.82406
0.82418
0.82431
0.82443
0.82456
0.82468
0.82481
0.82493
0.82505
0.82518
0.8253
0.82543
0.82555
0.82567
0.8258
0.82592
0.82604
0.82617
0.82629
0.82641
0.82654
0.82666
0.82678
0.82691
0.82703
0.82715
0.82727
0.8274
0.82752
0.82764
0.82776
0.82789
0.82801
0.82813
0.82825
0.82837
0.8285
0.82862
0.82874
0.82886
0.82898
0.8291
0.82923
0.82935
0.82947
0.82959
0.82971
0.82983
0.82995
0.83007
0.83019
0.83031
0.83043
0.83056
0.83068
0.8308
0.83092
0.83104
0.83116
0.83128
0.8314
0.83152
0.83164
0.83176
0.83188
0.832
0.83211
0.83223
0.83235
0.83247
0.83259
0.83271
0.83283
0.83295
0.83307
0.83319
0.83331
0.83342
0.83354
0.83366
0.83378
0.8339
0.83402
0.83413
0.83425
0.83437
0.83449
0.83461
0.83472
0.83484
0.83496
0.83508
0.83519
0.83531
0.83543
0.83555
0.83566
0.83578
0.8359
0.83601
0.83613
0.83625
0.83636
0.83648
0.8366
0.83671
0.83683
0.83695
0.83706
0.83718
0.8373
0.83741
0.83753
0.83764
0.83776
0.83787
0.83799
0.83811
0.83822
0.83834
0.83845
0.83857
0.83868
0.8388
0.83891
0.83903
0.83914
0.83926
0.83937
0.83949
0.8396
0.83972
0.83983
0.83994
0.84006
0.84017
0.84029
0.8404
0.84051
0.84063
0.84074
0.84086
0.84097
0.84108
0.8412
0.84131
0.84142
0.84154
0.84165
0.84176
0.84188
0.84199
0.8421
0.84221
0.84233
0.84244
0.84255
0.84267
0.84278
0.84289
0.843
0.84311
0.84323
0.84334
0.84345
0.84356
0.84367
0.84379
0.8439
0.84401
0.84412
0.84423
0.84434
0.84446
0.84457
0.84468
0.84479
0.8449
0.84501
0.84512
0.84523
0.84534
0.84545
0.84556
0.84567
0.84579
0.8459
0.84601
0.84612
0.84623
0.84634
0.84645
0.84656
0.84667
0.84678
0.84689
0.84699
0.8471
0.84721
0.84732
0.84743
0.84754
0.84765
0.84776
0.84787
0.84798
0.84809
0.8482
0.8483
0.84841
0.84852
0.84863
0.84874
0.84885
0.84896
0.84906
0.84917
0.84928
0.84939
0.8495
0.8496
0.84971
0.84982
0.84993
0.85003
0.85014
0.85025
0.85036
0.85046
0.85057
0.85068
0.85078
0.85089
0.851
0.85111
0.85121
0.85132
0.85143
0.85153
0.85164
0.85174
0.85185
0.85196
0.85206
0.85217
0.85228
0.85238
0.85249
0.85259
0.8527
0.8528
0.85291
0.85302
0.85312
0.85323
0.85333
0.85344
0.85354
0.85365
0.85375
0.85386
0.85396
0.85407
0.85417
0.85428
0.85438
0.85448
0.85459
0.85469
0.8548
0.8549
0.85501
0.85511
0.85521
0.85532
0.85542
0.85553
0.85563
0.85573
0.85584
0.85594
0.85604
0.85615
0.85625
0.85635
0.85646
0.85656
0.85666
0.85677
0.85687
0.85697
0.85707
0.85718
0.85728
0.85738
0.85748
0.85759
0.85769
0.85779
0.85789
0.858
0.8581
0.8582
0.8583
0.8584
0.8585
0.85861
0.85871
0.85881
0.85891
0.85901
0.85911
0.85921
0.85932
0.85942
0.85952
0.85962
0.85972
0.85982
0.85992
0.86002
0.86012
0.86022
0.86032
0.86042
0.86052
0.86062
0.86072
0.86082
0.86092
0.86102
0.86112
0.86122
0.86132
0.86142
0.86152
0.86162
0.86172
0.86182
0.86192
0.86202
0.86212
0.86222
0.86232
0.86242
0.86252
0.86261
0.86271
0.86281
0.86291
0.86301
0.86311
0.86321
0.8633
0.8634
0.8635
0.8636
0.8637
0.8638
0.86389
0.86399
0.86409
0.86419
0.86428
0.86438
0.86448
0.86458
0.86467
0.86477
0.86487
0.86497
0.86506
0.86516
0.86526
0.86536
0.86545
0.86555
0.86565
0.86574
0.86584
0.86594
0.86603
0.86613
0.86622
0.86632
0.86642
0.86651
0.86661
0.86671
0.8668
0.8669
0.86699
0.86709
0.86718
0.86728
0.86738
0.86747
0.86757
0.86766
0.86776
0.86785
0.86795
0.86804
0.86814
0.86823
0.86833
0.86842
0.86852
0.86861
0.86871
0.8688
0.86889
0.86899
0.86908
0.86918
0.86927
0.86937
0.86946
0.86955
0.86965
0.86974
0.86984
0.86993
0.87002
0.87012
0.87021
0.8703
0.8704
0.87049
0.87058
0.87068
0.87077
0.87086
0.87096
0.87105
0.87114
0.87123
0.87133
0.87142
0.87151
0.8716
0.8717
0.87179
0.87188
0.87197
0.87207
0.87216
0.87225
0.87234
0.87243
0.87253
0.87262
0.87271
0.8728
0.87289
0.87298
0.87308
0.87317
0.87326
0.87335
0.87344
0.87353
0.87362
0.87371
0.87381
0.8739
0.87399
0.87408
0.87417
0.87426
0.87435
0.87444
0.87453
0.87462
0.87471
0.8748
0.87489
0.87498
0.87507
0.87516
0.87525
0.87534
0.87543
0.87552
0.87561
0.8757
0.87579
0.87588
0.87597
0.87606
0.87615
0.87624
0.87633
0.87642
0.8765
0.87659
0.87668
0.87677
0.87686
0.87695
0.87704
0.87713
0.87721
0.8773
0.87739
0.87748
0.87757
0.87766
0.87774
0.87783
0.87792
0.87801
0.8781
0.87818
0.87827
0.87836
0.87845
0.87853
0.87862
0.87871
0.8788
0.87888
0.87897
0.87906
0.87915
0.87923
0.87932
0.87941
0.87949
0.87958
0.87967
0.87975
0.87984
0.87993
0.88001
0.8801
0.88019
0.88027
0.88036
0.88045
0.88053
0.88062
0.8807
0.88079
0.88088
0.88096
0.88105
0.88113
0.88122
0.8813
0.88139
0.88147
0.88156
0.88165
0.88173
0.88182
0.8819
0.88199
0.88207
0.88216
0.88224
0.88233
0.88241
0.8825
0.88258
0.88266
0.88275
0.88283
0.88292
0.883
0.88309
0.88317
0.88326
0.88334
0.88342
0.88351
0.88359
0.88368
0.88376
0.88384
0.88393
0.88401
0.88409
0.88418
0.88426
0.88434
0.88443
0.88451
0.88459
0.88468
0.88476
0.88484
0.88493
0.88501
0.88509
0.88517
0.88526
0.88534
0.88542
0.8855
0.88559
0.88567
0.88575
0.88583
0.88592
0.886
0.88608
0.88616
0.88624
0.88633
0.88641
0.88649
0.88657
0.88665
0.88674
0.88682
0.8869
0.88698
0.88706
0.88714
0.88722
0.88731
0.88739
0.88747
0.88755
0.88763
0.88771
0.88779
0.88787
0.88795
0.88803
0.88811
0.88819
0.88828
0.88836
0.88844
0.88852
0.8886
0.88868
0.88876
0.88884
0.88892
0.889
0.88908
0.88916
0.88924
0.88932
0.8894
0.88948
0.88956
0.88964
0.88971
0.88979
0.88987
0.88995
0.89003
0.89011
0.89019
0.89027
0.89035
0.89043
0.89051
0.89058
0.89066
0.89074
0.89082
0.8909
0.89098
0.89106
0.89113
0.89121
0.89129
0.89137
0.89145
0.89153
0.8916
0.89168
0.89176
0.89184
0.89192
0.89199
0.89207
0.89215
0.89223
0.8923
0.89238
0.89246
0.89254
0.89261
0.89269
0.89277
0.89285
0.89292
0.893
0.89308
0.89315
0.89323
0.89331
0.89338
0.89346
0.89354
0.89361
0.89369
0.89377
0.89384
0.89392
0.894
0.89407
0.89415
0.89422
0.8943
0.89438
0.89445
0.89453
0.8946
0.89468
0.89476
0.89483
0.89491
0.89498
0.89506
0.89513
0.89521
0.89529
0.89536
0.89544
0.89551
0.89559
0.89566
0.89574
0.89581
0.89589
0.89596
0.89604
0.89611
0.89619
0.89626
0.89633
0.89641
0.89648
0.89656
0.89663
0.89671
0.89678
0.89685
0.89693
0.897
0.89708
0.89715
0.89723
0.8973
0.89737
0.89745
0.89752
0.89759
0.89767
0.89774
0.89781
0.89789
0.89796
0.89803
0.89811
0.89818
0.89825
0.89833
0.8984
0.89847
0.89855
0.89862
0.89869
0.89877
0.89884
0.89891
0.89898
0.89906
0.89913
0.8992
0.89927
0.89935
0.89942
0.89949
0.89956
0.89963
0.89971
0.89978
0.89985
0.89992
0.89999
0.90007
0.90014
0.90021
0.90028
0.90035
0.90042
0.9005
0.90057
0.90064
0.90071
0.90078
0.90085
0.90092
0.901
0.90107
0.90114
0.90121
0.90128
0.90135
0.90142
0.90149
0.90156
0.90163
0.9017
0.90177
0.90184
0.90192
0.90199
0.90206
0.90213
0.9022
0.90227
0.90234
0.90241
0.90248
0.90255
0.90262
0.90269
0.90276
0.90283
0.9029
0.90297
0.90304
0.9031
0.90317
0.90324
0.90331
0.90338
0.90345
0.90352
0.90359
0.90366
0.90373
0.9038
0.90387
0.90394
0.904
0.90407
0.90414
0.90421
0.90428
0.90435
0.90442
0.90449
0.90455
0.90462
0.90469
0.90476
0.90483
0.9049
0.90496
0.90503
0.9051
0.90517
0.90524
0.9053
0.90537
0.90544
0.90551
0.90557
0.90564
0.90571
0.90578
0.90585
0.90591
0.90598
0.90605
0.90611
0.90618
0.90625
0.90632
0.90638
0.90645
0.90652
0.90658
0.90665
0.90672
0.90679
0.90685
0.90692
0.90699
0.90705
0.90712
0.90719
0.90725
0.90732
0.90738
0.90745
0.90752
0.90758
0.90765
0.90772
0.90778
0.90785
0.90791
0.90798
0.90805
0.90811
0.90818
0.90824
0.90831
0.90837
0.90844
0.90851
0.90857
0.90864
0.9087
0.90877
0.90883
0.9089
0.90896
0.90903
0.90909
0.90916
0.90922
0.90929
0.90935
0.90942
0.90948
0.90955
0.90961
0.90968
0.90974
0.90981
0.90987
0.90993
0.91
0.91006
0.91013
0.91019
0.91026
0.91032
0.91038
0.91045
0.91051
0.91058
0.91064
0.9107
0.91077
0.91083
0.9109
0.91096
0.91102
0.91109
0.91115
0.91121
0.91128
0.91134
0.9114
0.91147
0.91153
0.91159
0.91166
0.91172
0.91178
0.91185
0.91191
0.91197
0.91203
0.9121
0.91216
0.91222
0.91229
0.91235
0.91241
0.91247
0.91254
0.91259
0.91266
0.91272
0.91278
0.91284
0.9129
0.91297
0.91303
0.91309
0.91315
0.91321
0.91328
0.91334
0.9134
0.91345
0.91348
0.91352
0.91357
0.91362
0.91367
0.91373
0.91379
0.91385
0.9139
0.91395
0.91401
0.91407
0.91413
0.91418
0.91424
0.9143
0.91437
0.91443
0.91449
0.91455
0.91461
0.91467
0.91473
0.91479
0.91485
0.91491
0.91497
0.91503
0.91509
0.91515
0.91521
0.91527
0.91534
0.9154
0.91546
0.91552
0.91558
0.91564
0.9157
0.91574
0.91579
0.91585
0.91589
0.91591
0.91594
0.91598
0.91601
0.91605
0.91609
0.91613
0.91617
0.91621
0.91625
0.9163
0.91634
0.91639
0.91643
0.91648
0.91653
0.91658
0.91663
0.91668
0.91674
0.91679
0.91684
0.91689
0.91694
0.91699
0.91704
0.91709
0.91714
0.91719
0.91724
0.9173
0.91735
0.9174
0.91746
0.91751
0.91757
0.91762
0.91768
0.91773
0.91779
0.91784
0.9179
0.91796
0.918
0.91805
0.91809
0.91814
0.91819
0.91824
0.91829
0.91832
0.91836
0.91839
0.91841
0.91844
0.91847
0.9185
0.91853
0.91856
0.91859
0.91861
0.91864
0.91868
0.91871
0.91874
0.91877
0.91881
0.91884
0.91888
0.91891
0.91895
0.91898
0.91902
0.91906
0.9191
0.91914
0.91918
0.91922
0.91926
0.9193
0.91934
0.91938
0.91942
0.91947
0.9195
0.91954
0.91958
0.91962
0.91965
0.91969
0.91973
0.91977
0.91981
0.91985
0.91989
0.91994
0.91998
0.92002
0.92006
0.9201
0.92015
0.92019
0.92023
0.92028
0.92032
0.92037
0.92041
0.92046
0.9205
0.92055
0.92059
0.92064
0.92068
0.92073
0.92078
0.92082
0.92086
0.9209
0.92094
0.92098
0.92102
0.92106
0.9211
0.92114
0.92118
0.92122
0.92127
0.92131
0.92135
0.92139
0.92144
0.92148
0.92152
0.92156
0.92159
0.92163
0.92167
0.9217
0.92174
0.92178
0.92181
0.92185
0.92188
0.92191
0.92194
0.92197
0.92199
0.92201
0.92203
0.92205
0.92207
0.9221
0.92212
0.92214
0.92216
0.92219
0.92221
0.92223
0.92226
0.92228
0.9223
0.92233
0.92235
0.92238
0.9224
0.92243
0.92245
0.92248
0.92251
0.92253
0.92256
0.92259
0.92261
0.92264
0.92267
0.9227
0.92272
0.92275
0.92278
0.92281
0.92284
0.92287
0.9229
0.92293
0.92296
0.92299
0.92302
0.92305
0.92308
0.92311
0.92314
0.92317
0.9232
0.92323
0.92326
0.92329
0.92333
0.92336
0.92339
0.92342
0.92344
0.92347
0.9235
0.92353
0.92356
0.92359
0.92362
0.92365
0.92368
0.92371
0.92374
0.92377
0.9238
0.92383
0.92387
0.9239
0.92393
0.92396
0.92399
0.92402
0.92406
0.92409
0.92412
0.92415
0.92419
0.92422
0.92425
0.92428
0.92432
0.92435
0.92438
0.92442
0.92445
0.92449
0.92452
0.92455
0.92459
0.92462
0.92466
0.92469
0.92473
0.92476
0.9248
0.92483
0.92487
0.9249
0.92493
0.92496
0.925
0.92503
0.92506
0.92509
0.92512
0.92515
0.92519
0.92522
0.92525
0.92529
0.92532
0.92535
0.92539
0.92542
0.92546
0.92549
0.92553
0.92556
0.92559
0.92563
0.92566
0.9257
0.92573
0.92577
0.92581
0.92584
0.92587
0.9259
0.92593
0.92596
0.92599
0.92602
0.92605
0.92609
0.92612
0.92615
0.92618
0.92621
0.92624
0.92627
0.92631
0.92634
0.92637
0.9264
0.92642
0.92645
0.92648
0.9265
0.92653
0.92656
0.92658
0.92661
0.92663
0.92666
0.92668
0.9267
0.92672
0.92674
0.92676
0.92678
0.92679
0.92681
0.92682
0.92684
0.92686
0.92688
0.92689
0.92691
0.92693
0.92694
0.92696
0.92698
0.927
0.92701
0.92703
0.92705
0.92707
0.92708
0.9271
0.92712
0.92714
0.92716
0.92718
0.92719
0.92721
0.92723
0.92725
0.92727
0.92729
0.92731
0.92733
0.92735
0.92736
0.92738
0.9274
0.92742
0.92744
0.92746
0.92748
0.9275
0.92752
0.92755
0.92757
0.92759
0.92761
0.92763
0.92765
0.92767
0.92769
0.92771
0.92773
0.92776
