0.84377
0.74345
0.67209
0.61798
0.57514
0.54013
0.51082
0.48581
0.46416
0.44516
0.42832
0.41325
0.39968
0.38735
0.37611
0.36578
0.35627
0.34746
0.33927
0.33164
0.32449
0.31779
0.31149
0.30555
0.29994
0.29463
0.28959
0.2848
0.28023
0.27589
0.27173
0.26776
0.26396
0.26032
0.25682
0.25346
0.25023
0.24712
0.24412
0.24123
0.23844
0.23575
0.23314
0.23062
0.22818
0.22581
0.22352
0.22129
0.21913
0.21703
0.21499
0.21301
0.21108
0.20921
0.20738
0.2056
0.20386
0.20217
0.20052
0.19891
0.19733
0.1958
0.1943
0.19283
0.1914
0.18999
0.18862
0.18728
0.18596
0.18468
0.18342
0.18218
0.18097
0.17978
0.17862
0.17748
0.17636
0.17526
0.17418
0.17312
0.17208
0.17106
0.17005
0.16907
0.1681
0.16715
0.16621
0.16529
0.16438
0.16349
0.16262
0.16175
0.1609
0.16007
0.15924
0.15843
0.15764
0.15685
0.15608
0.15531
