7.6794e-06
6.3236e-06
5.5466e-06
4.8958e-06
4.8681e-06
4.4285e-06
4.2587e-06
0.0027005
3.8045e-06
4.3217e-06
4.248e-06
4.1736e-06
3.9715e-06
3.7981e-06
3.6474e-06
3.5149e-06
3.3975e-06
3.2926e-06
3.817e-06
3.6943e-06
3.5864e-06
3.4913e-06
3.4074e-06
3.3332e-06
3.2674e-06
3.2091e-06
3.1572e-06
5.4242e-06
4.2259e-06
4.1668e-06
4.1122e-06
4.0615e-06
4.0144e-06
3.9705e-06
3.9295e-06
3.8913e-06
3.8554e-06
3.8219e-06
3.7903e-06
3.7607e-06
3.7328e-06
3.7065e-06
6.9368e-06
6.8961e-06
6.8579e-06
6.8219e-06
5.4938e-06
5.5134e-06
5.5322e-06
5.5503e-06
5.5676e-06
5.5843e-06
5.6004e-06
5.616e-06
5.631e-06
5.6455e-06
5.6596e-06
5.6733e-06
5.6866e-06
5.6995e-06
5.7121e-06
5.7244e-06
5.7364e-06
5.7481e-06
5.7596e-06
5.7708e-06
5.7818e-06
5.7926e-06
5.8032e-06
5.8136e-06
1.1478e-05
1.15e-05
1.1522e-05
1.1544e-05
1.1566e-05
1.1587e-05
1.1608e-05
1.1628e-05
1.1649e-05
1.1669e-05
1.1689e-05
1.1708e-05
1.1728e-05
1.1747e-05
1.1766e-05
1.1785e-05
1.1804e-05
1.1822e-05
1.1841e-05
1.1859e-05
1.1877e-05
1.1895e-05
1.1913e-05
2.3793e-05
2.3829e-05
2.3864e-05
2.39e-05
2.3935e-05
2.397e-05
2.4004e-05
