0.99311
0.98614
0.9793
0.97261
0.96606
0.95963
0.95333
0.94715
0.94109
0.93515
0.92932
0.92359
0.91797
0.91246
0.90703
0.90171
0.89648
0.89134
0.88628
0.88131
0.87642
0.87162
0.86689
0.86224
0.85766
0.85315
0.84872
0.84435
0.84005
0.83581
0.83164
0.82753
0.82348
0.81949
0.81556
0.81168
0.80786
0.80409
0.80037
0.79671
0.79309
0.78953
0.78601
0.78253
0.77911
0.77572
0.77239
0.76909
0.76584
0.76262
0.75945
0.75632
0.75322
0.75016
0.74714
0.74416
0.74121
0.7383
0.73542
0.73257
0.72976
0.72697
0.72422
0.7215
0.71882
0.71616
0.71353
0.71093
0.70835
0.70581
0.70329
0.7008
0.69834
0.6959
0.69349
0.6911
0.68873
0.68639
0.68408
0.68178
0.67951
0.67727
0.67504
0.67284
0.67066
0.6685
0.66636
0.66424
0.66214
0.66006
0.658
0.65596
0.65393
0.65193
0.64994
0.64798
0.64603
0.6441
0.64218
0.64028
