0.068179
0.048266
0.039425
0.03415
0.030548
0.027889
0.025821
0.024155
0.022774
0.021606
0.020601
0.019725
0.018951
0.018262
0.017643
0.017083
0.016573
0.016107
0.015677
0.01528
0.014912
0.01457
0.014249
0.01395
0.013668
0.013403
0.013152
0.012915
0.012691
0.012477
0.012275
0.012081
0.011897
0.011721
0.011552
0.011391
0.011236
0.011087
0.010944
0.010807
0.010674
0.010546
0.010423
0.010304
0.010189
0.010077
0.0099698
0.0098654
0.0097643
0.0096662
0.009571
0.0094786
0.0093888
0.0093015
0.0092166
0.009134
0.0090536
0.0089752
0.0088989
0.0088245
0.0087519
0.0086811
0.0086119
0.0085444
0.0084785
0.0084141
0.0083511
0.0082895
0.0082292
0.0081703
0.0081126
0.0080561
0.0080008
0.0079466
0.0078935
0.0078414
0.0077903
0.0077403
0.0076912
0.007643
0.0075957
0.0075493
0.0075037
0.0074589
0.007415
0.0073718
0.0073293
0.0072876
0.0072466
0.0072062
0.0071666
0.0071275
0.0070892
0.0070514
0.0070142
0.0069776
0.0069416
0.0069061
0.0068712
0.0068368
