0.99054
0.98593
0.98139
0.97691
0.97249
0.96813
0.96382
0.95927
0.95539
0.95125
0.94717
0.94314
0.93916
0.93523
0.93135
0.92751
0.92373
0.91999
0.91629
0.91264
0.90904
0.90547
0.90195
0.89846
0.89502
0.89162
0.88825
0.88493
0.88164
0.87838
0.87517
0.87198
0.86884
0.86572
0.86264
0.85959
0.85658
0.85359
0.85064
0.84771
0.84482
0.84196
0.83912
0.83631
0.83354
0.83079
0.82806
0.82536
0.82269
0.82005
0.81743
0.81483
0.81226
0.80972
0.80719
0.80469
0.80222
0.79976
0.79733
0.79492
0.79254
0.79017
0.78783
0.7855
0.7832
0.78092
0.77865
0.77641
0.77418
0.77198
0.76979
0.76762
0.76547
0.76334
0.76122
0.75913
0.75705
0.75498
0.75294
0.75091
0.74889
0.7469
0.74492
0.74295
0.741
0.73907
0.73715
0.73524
0.73335
0.73147
0.72961
0.72777
0.72593
0.72411
0.7223
0.72051
0.71873
0.71696
0.71521
0.71347
