0.99998
0.99996
0.99994
0.99992
0.9999
0.99988
0.99986
0.99984
0.99983
0.99981
0.99979
0.99977
0.99975
0.99973
0.99971
0.9997
0.99968
0.99966
0.99964
0.99962
0.9996
0.99959
0.99957
0.99955
0.99953
0.99951
0.99949
0.99947
0.99946
0.99944
0.99942
0.9994
0.99938
0.99936
0.99935
0.99933
0.99931
0.99929
0.99927
0.99925
0.99924
0.99922
0.9992
0.99918
0.99916
0.99914
0.99913
0.99911
0.99909
0.99907
0.99905
0.99904
0.99902
0.999
0.99898
0.99896
0.99894
0.99893
0.99891
0.99889
0.99887
0.99885
0.99883
0.99882
0.9988
0.99878
0.99876
0.99874
0.99873
0.99871
0.99869
0.99867
0.99865
0.99863
0.99862
0.9986
0.99858
0.99856
0.99854
0.99852
0.99851
0.99849
0.99847
0.99845
0.99843
0.99842
0.9984
0.99838
0.99836
0.99834
0.99832
0.99831
0.99829
0.99827
0.99825
0.99823
0.99822
0.9982
0.99818
0.99816
