0.95501
0.95515
0.95529
0.95543
0.95557
0.95571
0.95585
0.95598
0.95612
0.95626
0.95639
0.95653
0.95666
0.9568
0.95693
0.95707
0.9572
0.95733
0.95747
0.9576
0.95773
0.95786
0.95799
0.95812
0.95825
0.95838
0.95851
0.95864
0.95877
0.95889
0.95902
0.95915
0.95927
0.9594
0.95952
0.95965
0.95977
0.9599
0.96002
0.96014
0.96027
0.96039
0.96051
0.96063
0.96075
0.96087
0.96099
0.96111
0.96123
0.96135
0.96147
0.96159
0.96171
0.96182
0.96194
0.96206
0.96217
0.96229
0.9624
0.96252
0.96263
0.96275
0.96286
0.96297
0.96309
0.9632
0.96331
0.96342
0.96353
0.96364
0.96376
0.96386
0.96397
0.96408
0.96419
0.9643
0.96441
0.96452
0.96462
0.96473
0.96484
0.96495
0.96505
0.96516
0.96526
0.96537
0.96547
0.96558
0.96568
0.96578
0.96589
0.96599
0.96609
0.9662
0.9663
0.9664
0.9665
0.9666
0.9667
0.9668
0.9669
0.967
0.9671
0.9672
0.96729
0.96739
0.96749
0.96759
0.96768
0.96778
0.96788
0.96797
0.96807
0.96817
0.96826
0.96836
0.96845
0.96854
0.96864
0.96873
0.96882
0.96892
0.96901
0.9691
0.96919
0.96928
0.96938
0.96947
0.96956
0.96965
0.96974
0.96983
0.96992
0.97001
0.97009
0.97018
0.97027
0.97036
0.97045
0.97053
0.97062
0.97071
0.97079
0.97088
0.97097
0.97105
0.97114
0.97122
0.97131
0.97139
0.97147
0.97156
0.97164
0.97172
0.97181
0.97189
0.97197
0.97205
0.97214
0.97222
0.9723
0.97238
0.97246
0.97254
0.97262
0.9727
0.97278
0.97286
0.97294
0.97302
0.9731
0.97317
0.97325
0.97333
0.97341
0.97349
0.97356
0.97364
0.97372
0.97379
0.97387
0.97394
0.97402
0.97409
0.97417
0.97424
0.97432
0.97439
0.97447
0.97454
0.97461
0.97469
0.97476
0.97483
0.97491
0.97498
0.97505
0.97512
0.97519
0.97526
0.97534
0.97541
0.97548
0.97555
0.97562
0.97569
0.97576
0.97583
0.9759
0.97596
0.97603
0.9761
0.97617
0.97624
0.97631
0.97637
0.97644
0.97651
0.97657
0.97664
0.97671
0.97677
0.97684
0.97691
0.97697
0.97704
0.9771
0.97717
0.97723
0.9773
0.97736
0.97742
0.97749
0.97755
0.97762
0.97768
0.97774
0.97781
0.97787
0.97793
0.97799
0.97805
0.97812
0.97818
0.97824
0.9783
0.97836
0.97842
0.97848
0.97854
0.9786
0.97866
0.97872
0.97878
0.97884
0.9789
0.97896
0.97902
0.97908
0.97914
0.9792
0.97925
0.97931
0.97937
0.97943
0.97948
0.97954
0.9796
0.97966
0.97971
0.97977
0.97982
0.97988
0.97994
0.97999
0.98005
0.9801
0.98016
0.98021
0.98027
0.98032
0.98038
0.98043
0.98049
0.98054
0.98059
0.98065
0.9807
0.98075
0.98081
0.98086
0.98091
0.98096
0.98102
0.98107
0.98112
0.98117
0.98122
0.98128
0.98133
0.98138
0.98143
0.98148
0.98153
0.98158
0.98163
0.98168
0.98173
0.98178
0.98183
0.98188
0.98193
0.98198
0.98203
0.98208
0.98213
0.98218
0.98222
0.98227
0.98232
0.98237
0.98242
0.98246
0.98251
0.98256
0.98261
0.98265
0.9827
0.98275
0.98279
0.98284
0.98289
0.98293
0.98298
0.98303
0.98307
0.98312
0.98316
0.98321
0.98325
0.9833
0.98334
0.98339
0.98343
0.98348
0.98352
0.98357
0.98361
0.98365
0.9837
0.98374
0.98378
0.98383
0.98387
0.98391
0.98396
0.984
0.98404
0.98409
0.98413
0.98417
0.98421
0.98425
0.9843
0.98434
0.98438
0.98442
0.98446
0.9845
0.98454
0.98459
0.98463
0.98467
0.98471
0.98475
0.98479
0.98483
0.98487
0.98491
0.98495
0.98499
0.98503
0.98507
0.98511
0.98515
0.98519
0.98522
0.98526
0.9853
0.98534
0.98538
0.98542
0.98546
0.98549
0.98553
0.98557
0.98561
0.98565
0.98568
0.98572
0.98576
0.9858
0.98583
0.98587
0.98591
0.98594
0.98598
0.98602
0.98605
0.98609
0.98613
0.98616
0.9862
0.98623
0.98627
0.9863
0.98634
0.98638
0.98641
0.98645
0.98648
0.98652
0.98655
0.98659
0.98662
0.98666
0.98669
0.98672
0.98676
0.98679
0.98683
0.98686
0.98689
0.98693
0.98696
0.987
0.98703
0.98706
0.9871
0.98713
0.98716
0.98719
0.98723
0.98726
0.98729
0.98732
0.98736
0.98739
0.98742
0.98745
0.98749
0.98752
0.98755
0.98758
0.98761
0.98764
0.98768
0.98771
0.98774
0.98777
0.9878
0.98783
0.98786
0.98789
0.98792
0.98796
0.98799
0.98802
0.98805
0.98808
0.98811
0.98814
0.98817
0.9882
0.98823
0.98826
0.98829
0.98832
0.98834
0.98837
0.9884
0.98843
0.98846
0.98849
0.98852
0.98855
0.98858
0.98861
0.98863
0.98866
0.98869
0.98872
0.98875
0.98878
0.9888
0.98883
0.98886
0.98889
0.98892
0.98894
0.98897
0.989
0.98903
0.98905
0.98908
0.98911
0.98913
0.98916
0.98919
0.98921
0.98924
0.98927
0.98929
0.98932
0.98935
0.98937
0.9894
0.98943
0.98945
0.98948
0.9895
0.98953
0.98956
0.98958
0.98961
0.98963
0.98966
0.98968
0.98971
0.98974
0.98976
0.98979
0.98981
0.98984
0.98986
0.98989
0.98991
0.98994
0.98996
0.98998
0.99001
0.99003
0.99006
0.99008
0.99011
0.99013
0.99015
0.99018
0.9902
0.99023
0.99025
0.99027
0.9903
0.99032
0.99034
0.99037
0.99039
0.99041
0.99044
0.99046
0.99048
0.99051
0.99053
0.99055
0.99058
0.9906
0.99062
0.99064
0.99067
0.99069
0.99071
0.99073
0.99076
0.99078
0.9908
0.99082
0.99084
0.99087
0.99089
0.99091
0.99093
0.99095
0.99098
0.991
0.99102
0.99104
0.99106
0.99108
0.9911
0.99113
0.99115
0.99117
0.99119
0.99121
0.99123
0.99125
0.99127
0.99129
0.99131
0.99133
0.99136
0.99138
0.9914
0.99142
0.99144
0.99146
0.99148
0.9915
0.99152
0.99154
0.99156
0.99158
0.9916
0.99162
0.99164
0.99166
0.99168
0.9917
0.99172
0.99174
0.99176
0.99177
0.99179
0.99181
0.99183
0.99185
0.99187
0.99189
0.99191
0.99193
0.99195
0.99197
0.99198
0.992
0.99202
0.99204
0.99206
0.99208
0.9921
0.99211
0.99213
0.99215
0.99217
0.99219
0.99221
0.99222
0.99224
0.99226
0.99228
0.9923
0.99231
0.99233
0.99235
0.99237
0.99238
0.9924
0.99242
0.99244
0.99246
0.99247
0.99249
0.99251
0.99252
0.99254
0.99256
0.99258
0.99259
0.99261
0.99263
0.99264
0.99266
0.99268
0.99269
0.99271
0.99273
0.99274
0.99276
0.99278
0.99279
0.99281
0.99283
0.99284
0.99286
0.99288
0.99289
0.99291
0.99293
0.99294
0.99296
0.99297
0.99299
0.99301
0.99302
0.99304
0.99305
0.99307
0.99308
0.9931
0.99312
0.99313
0.99315
0.99316
0.99318
0.99319
0.99321
0.99322
0.99324
0.99325
0.99327
0.99329
0.9933
0.99332
0.99333
0.99335
0.99336
0.99338
0.99339
0.99341
0.99342
0.99343
0.99345
0.99346
0.99348
0.99349
0.99351
0.99352
0.99354
0.99355
0.99357
0.99358
0.99359
0.99361
0.99362
0.99364
0.99365
0.99367
0.99368
0.99369
0.99371
0.99372
0.99374
0.99375
0.99376
0.99378
0.99379
0.99381
0.99382
0.99383
0.99385
0.99386
0.99387
0.99389
0.9939
0.99391
0.99393
0.99394
0.99395
0.99397
0.99398
0.99399
0.99401
0.99402
0.99403
0.99405
0.99406
0.99407
0.99409
0.9941
0.99411
0.99413
0.99414
0.99415
0.99416
0.99418
0.99419
0.9942
0.99421
0.99423
0.99424
0.99425
0.99426
0.99428
0.99429
0.9943
0.99431
0.99433
0.99434
0.99435
0.99436
0.99438
0.99439
0.9944
0.99441
0.99443
0.99444
0.99445
0.99446
0.99447
0.99449
0.9945
0.99451
0.99452
0.99453
0.99454
0.99456
0.99457
0.99458
0.99459
0.9946
0.99461
0.99463
0.99464
0.99465
0.99466
0.99467
0.99468
0.9947
0.99471
0.99472
0.99473
0.99474
0.99475
0.99476
0.99477
0.99479
0.9948
0.99481
0.99482
0.99483
0.99484
0.99485
0.99486
0.99487
0.99488
0.9949
0.99491
0.99492
0.99493
0.99494
0.99495
0.99496
0.99497
0.99498
0.99499
0.995
0.99501
0.99502
0.99503
0.99505
0.99506
0.99507
0.99508
0.99509
0.9951
0.99511
0.99512
0.99513
0.99514
0.99515
0.99516
0.99517
0.99518
0.99519
0.9952
0.99521
0.99522
0.99523
0.99524
0.99525
0.99526
0.99527
0.99528
0.99529
0.9953
0.99531
0.99532
0.99533
0.99534
0.99535
0.99536
0.99537
0.99538
0.99539
0.9954
0.99541
0.99542
0.99542
0.99543
0.99544
0.99545
0.99546
0.99547
0.99548
0.99549
0.9955
0.99551
0.99552
0.99553
0.99554
0.99555
0.99556
0.99556
0.99557
0.99558
0.99559
0.9956
0.99561
0.99562
0.99563
0.99564
0.99565
0.99566
0.99566
0.99567
0.99568
0.99569
0.9957
0.99571
0.99572
0.99573
0.99573
0.99574
0.99575
0.99576
0.99577
0.99578
0.99579
0.9958
0.9958
0.99581
0.99582
0.99583
0.99584
0.99585
0.99585
0.99586
0.99587
0.99588
0.99589
0.9959
0.99591
0.99591
0.99592
0.99593
0.99594
0.99595
0.99595
0.99596
0.99597
0.99598
0.99599
0.996
0.996
0.99601
0.99602
0.99603
0.99604
0.99604
0.99605
0.99606
0.99607
0.99608
0.99608
0.99609
0.9961
0.99611
0.99611
0.99612
0.99613
0.99614
0.99615
0.99615
0.99616
0.99617
0.99618
0.99618
0.99619
0.9962
0.99621
0.99621
0.99622
0.99623
0.99624
0.99624
0.99625
0.99626
0.99627
0.99627
0.99628
0.99629
0.9963
0.9963
0.99631
0.99632
0.99633
0.99633
0.99634
0.99635
0.99635
0.99636
0.99637
0.99638
0.99638
0.99639
0.9964
0.9964
0.99641
0.99642
0.99643
0.99643
0.99644
0.99645
0.99645
0.99646
0.99647
0.99647
0.99648
0.99649
0.99649
0.9965
0.99651
0.99652
0.99652
0.99653
0.99654
0.99654
0.99655
0.99656
0.99656
0.99657
0.99658
0.99658
0.99659
0.9966
0.9966
0.99661
0.99662
0.99662
0.99663
0.99664
0.99664
0.99665
0.99665
0.99666
0.99667
0.99667
0.99668
0.99669
0.99669
0.9967
0.99671
0.99671
0.99672
0.99673
0.99673
0.99674
0.99674
0.99675
0.99676
0.99676
0.99677
0.99678
0.99678
0.99679
0.99679
0.9968
0.99681
0.99681
0.99682
0.99682
0.99683
0.99684
0.99684
0.99685
0.99685
0.99686
0.99687
0.99687
0.99688
0.99688
0.99689
0.9969
0.9969
0.99691
0.99691
0.99692
0.99693
0.99693
0.99694
0.99694
0.99695
0.99695
0.99696
0.99697
0.99697
0.99698
0.99698
0.99699
0.99699
0.997
0.99701
0.99701
0.99702
0.99702
0.99703
0.99703
0.99704
0.99705
0.99705
0.99706
0.99706
0.99707
0.99707
0.99708
0.99708
0.99709
0.99709
0.9971
0.99711
0.99711
0.99712
0.99712
0.99713
0.99713
0.99714
0.99714
0.99715
0.99715
0.99716
0.99716
0.99717
0.99718
0.99718
0.99719
0.99719
0.9972
0.9972
0.99721
0.99721
0.99722
0.99722
0.99723
0.99723
0.99724
0.99724
0.99725
0.99725
0.99726
0.99726
0.99727
0.99727
0.99728
0.99728
0.99729
0.99729
0.9973
0.9973
0.99731
0.99731
0.99732
0.99732
0.99733
0.99733
0.99734
0.99734
0.99735
0.99735
0.99736
0.99736
0.99737
0.99737
0.99738
0.99738
0.99739
0.99739
0.9974
0.9974
0.9974
0.99741
0.99741
0.99742
0.99742
0.99743
0.99743
0.99744
0.99744
0.99745
0.99745
0.99746
0.99746
0.99747
0.99747
0.99747
0.99748
0.99748
0.99749
0.99749
0.9975
0.9975
0.99751
0.99751
0.99752
0.99752
0.99752
0.99753
0.99753
0.99754
0.99754
0.99755
0.99755
0.99756
0.99756
0.99756
0.99757
0.99757
0.99758
0.99758
0.99759
0.99759
0.99759
0.9976
0.9976
0.99761
0.99761
0.99762
0.99762
0.99762
0.99763
0.99763
0.99764
0.99764
0.99765
0.99765
0.99765
0.99766
0.99766
0.99767
0.99767
0.99767
0.99768
0.99768
0.99769
0.99769
0.9977
0.9977
0.9977
0.99771
0.99771
0.99772
0.99772
0.99772
0.99773
0.99773
0.99774
0.99774
0.99774
0.99775
0.99775
0.99776
0.99776
0.99776
0.99777
0.99777
0.99778
0.99778
0.99778
0.99779
0.99779
0.9978
0.9978
0.9978
0.99781
0.99781
0.99781
0.99782
0.99782
0.99783
0.99783
0.99783
0.99784
0.99784
0.99784
0.99785
0.99785
0.99786
0.99786
0.99786
0.99787
0.99787
0.99787
0.99788
0.99788
0.99789
0.99789
0.99789
0.9979
0.9979
0.9979
0.99791
0.99791
0.99791
0.99792
0.99792
0.99793
0.99793
0.99793
0.99794
0.99794
0.99794
0.99795
0.99795
0.99795
0.99796
0.99796
0.99796
0.99797
0.99797
0.99797
0.99798
0.99798
0.99799
0.99799
0.99799
0.998
0.998
0.998
0.99801
0.99801
0.99801
0.99802
0.99802
0.99802
0.99803
0.99803
0.99803
0.99804
0.99804
0.99804
0.99805
0.99805
0.99805
0.99806
0.99806
0.99806
0.99807
0.99807
0.99807
0.99808
0.99808
0.99808
0.99809
0.99809
0.99809
0.9981
0.9981
0.9981
0.99811
0.99811
0.99811
0.99811
0.99812
0.99812
0.99812
0.99813
0.99813
0.99813
0.99814
0.99814
0.99814
0.99815
0.99815
0.99815
0.99816
0.99816
0.99816
0.99816
0.99817
0.99817
0.99817
0.99818
0.99818
0.99818
0.99819
0.99819
0.99819
0.9982
0.9982
0.9982
0.9982
0.99821
0.99821
0.99821
0.99822
0.99822
0.99822
0.99823
0.99823
0.99823
0.99823
0.99824
0.99824
0.99824
0.99825
0.99825
0.99825
0.99825
0.99826
0.99826
0.99826
0.99827
0.99827
0.99827
0.99827
0.99828
0.99828
0.99828
0.99829
0.99829
0.99829
0.99829
0.9983
0.9983
0.9983
0.99831
0.99831
0.99831
0.99831
0.99832
0.99832
0.99832
0.99833
0.99833
0.99833
0.99833
0.99834
0.99834
0.99834
0.99834
0.99835
0.99835
0.99835
0.99835
0.99836
0.99836
0.99836
0.99837
0.99837
0.99837
0.99837
0.99838
0.99838
0.99838
0.99838
0.99839
0.99839
0.99839
0.99839
0.9984
0.9984
0.9984
0.9984
0.99841
0.99841
0.99841
0.99842
0.99842
0.99842
0.99842
0.99843
0.99843
0.99843
0.99843
0.99844
0.99844
0.99844
0.99844
0.99845
0.99845
0.99845
0.99845
0.99846
0.99846
0.99846
0.99846
0.99847
0.99847
0.99847
0.99847
0.99848
0.99848
0.99848
0.99848
0.99849
0.99849
0.99849
0.99849
0.99849
0.9985
0.9985
0.9985
0.9985
0.99851
0.99851
0.99851
0.99851
0.99852
0.99852
0.99852
0.99852
0.99853
0.99853
0.99853
0.99853
0.99853
0.99854
0.99854
0.99854
0.99854
0.99855
0.99855
0.99855
0.99855
0.99856
0.99856
0.99856
0.99856
0.99856
0.99857
0.99857
0.99857
0.99857
0.99858
0.99858
0.99858
0.99858
0.99858
0.99859
0.99859
0.99859
0.99859
0.9986
0.9986
0.9986
0.9986
0.9986
0.99861
0.99861
0.99861
0.99861
0.99862
0.99862
0.99862
0.99862
0.99862
0.99863
0.99863
0.99863
0.99863
0.99863
0.99864
0.99864
0.99864
0.99864
0.99865
0.99865
0.99865
0.99865
0.99865
0.99866
0.99866
0.99866
0.99866
0.99866
0.99867
0.99867
0.99867
0.99867
0.99867
0.99868
0.99868
0.99868
0.99868
0.99868
0.99869
0.99869
0.99869
0.99869
0.99869
0.9987
0.9987
0.9987
0.9987
0.9987
0.99871
0.99871
0.99871
0.99871
0.99871
0.99872
0.99872
0.99872
0.99872
0.99872
0.99873
0.99873
0.99873
0.99873
0.99873
0.99874
0.99874
0.99874
0.99874
0.99874
0.99875
0.99875
0.99875
0.99875
0.99875
0.99876
0.99876
0.99876
0.99876
0.99876
0.99876
0.99877
0.99877
0.99877
0.99877
0.99877
0.99878
0.99878
0.99878
0.99878
0.99878
0.99879
0.99879
0.99879
0.99879
0.99879
0.99879
0.9988
0.9988
0.9988
0.9988
0.9988
0.99881
0.99881
0.99881
0.99881
0.99881
0.99881
0.99882
0.99882
0.99882
0.99882
0.99882
0.99882
0.99883
0.99883
0.99883
0.99883
0.99883
0.99884
0.99884
0.99884
0.99884
0.99884
0.99884
0.99885
0.99885
0.99885
0.99885
0.99885
0.99885
0.99886
0.99886
0.99886
0.99886
0.99886
0.99886
0.99887
0.99887
0.99887
0.99887
0.99887
0.99887
0.99888
0.99888
0.99888
0.99888
0.99888
0.99888
0.99889
0.99889
0.99889
0.99889
0.99889
0.99889
0.9989
0.9989
0.9989
0.9989
0.9989
0.9989
0.99891
0.99891
0.99891
0.99891
0.99891
0.99891
0.99892
0.99892
0.99892
0.99892
0.99892
0.99892
0.99892
0.99893
0.99893
0.99893
0.99893
0.99893
0.99893
0.99894
0.99894
0.99894
0.99894
0.99894
0.99894
0.99895
0.99895
0.99895
0.99895
0.99895
0.99895
0.99895
0.99896
0.99896
0.99896
0.99896
0.99896
0.99896
0.99896
0.99897
0.99897
0.99897
0.99897
0.99897
0.99897
0.99898
0.99898
0.99898
0.99898
0.99898
0.99898
0.99898
0.99899
0.99899
0.99899
0.99899
0.99899
0.99899
0.99899
0.999
0.999
0.999
0.999
0.999
0.999
0.999
0.99901
0.99901
0.99901
0.99901
0.99901
0.99901
0.99901
0.99902
0.99902
0.99902
0.99902
0.99902
0.99902
0.99902
0.99903
0.99903
0.99903
0.99903
0.99903
0.99903
0.99903
0.99904
0.99904
0.99904
0.99904
0.99904
0.99904
0.99904
0.99904
0.99905
0.99905
0.99905
0.99905
0.99905
0.99905
0.99905
0.99906
0.99906
0.99906
0.99906
0.99906
0.99906
0.99906
0.99906
0.99907
0.99907
0.99907
0.99907
0.99907
0.99907
0.99907
0.99908
0.99908
0.99908
0.99908
0.99908
0.99908
0.99908
0.99908
0.99909
0.99909
0.99909
0.99909
0.99909
0.99909
0.99909
0.99909
0.9991
0.9991
0.9991
0.9991
0.9991
0.9991
0.9991
0.9991
0.99911
0.99911
0.99911
0.99911
0.99911
0.99911
0.99911
0.99911
0.99912
0.99912
0.99912
0.99912
0.99912
0.99912
0.99912
0.99912
0.99913
0.99913
0.99913
0.99913
0.99913
0.99913
0.99913
0.99913
0.99914
0.99914
0.99914
0.99914
0.99914
0.99914
0.99914
0.99914
0.99914
0.99915
0.99915
0.99915
0.99915
0.99915
0.99915
0.99915
0.99915
0.99916
0.99916
0.99916
0.99916
0.99916
0.99916
0.99916
0.99916
0.99916
0.99917
0.99917
0.99917
0.99917
0.99917
0.99917
0.99917
0.99917
0.99917
0.99918
0.99918
0.99918
0.99918
0.99918
0.99918
0.99918
0.99918
0.99918
0.99919
0.99919
0.99919
0.99919
0.99919
0.99919
0.99919
0.99919
0.99919
0.9992
0.9992
0.9992
0.9992
0.9992
0.9992
0.9992
0.9992
0.9992
0.99921
0.99921
0.99921
0.99921
0.99921
0.99921
0.99921
0.99921
0.99921
0.99922
0.99922
0.99922
0.99922
0.99922
0.99922
0.99922
0.99922
0.99922
0.99922
0.99923
0.99923
0.99923
0.99923
0.99923
0.99923
0.99923
0.99923
0.99923
0.99923
0.99924
0.99924
0.99924
0.99924
0.99924
0.99924
0.99924
0.99924
0.99924
0.99925
0.99925
0.99925
0.99925
0.99925
0.99925
0.99925
0.99925
0.99925
0.99925
0.99926
0.99926
0.99926
0.99926
0.99926
0.99926
0.99926
0.99926
0.99926
0.99926
0.99926
0.99927
0.99927
0.99927
0.99927
0.99927
0.99927
0.99927
0.99927
0.99927
0.99927
0.99928
0.99928
0.99928
0.99928
0.99928
0.99928
0.99928
0.99928
0.99928
0.99928
0.99929
0.99929
0.99929
0.99929
0.99929
0.99929
0.99929
0.99929
0.99929
0.99929
0.99929
0.9993
0.9993
0.9993
0.9993
0.9993
0.9993
0.9993
0.9993
0.9993
0.9993
0.9993
0.99931
0.99931
0.99931
0.99931
0.99931
0.99931
0.99931
0.99931
0.99931
0.99931
0.99931
0.99932
0.99932
0.99932
0.99932
0.99932
0.99932
0.99932
0.99932
0.99932
0.99932
0.99932
0.99932
0.99933
0.99933
0.99933
0.99933
0.99933
0.99933
0.99933
0.99933
0.99933
0.99933
0.99933
0.99934
0.99934
0.99934
0.99934
0.99934
0.99934
0.99934
0.99934
0.99934
0.99934
0.99934
0.99934
0.99935
0.99935
0.99935
0.99935
0.99935
0.99935
0.99935
0.99935
0.99935
0.99935
0.99935
0.99935
0.99936
0.99936
0.99936
0.99936
0.99936
0.99936
0.99936
0.99936
0.99936
0.99936
0.99936
0.99936
0.99937
0.99937
0.99937
0.99937
0.99937
0.99937
0.99937
0.99937
0.99937
0.99937
0.99937
0.99937
0.99937
0.99938
0.99938
0.99938
0.99938
0.99938
0.99938
0.99938
0.99938
0.99938
0.99938
0.99938
0.99938
0.99939
0.99939
0.99939
0.99939
0.99939
0.99939
0.99939
0.99939
0.99939
0.99939
0.99939
0.99939
0.99939
0.9994
0.9994
0.9994
0.9994
0.9994
0.9994
0.9994
0.9994
0.9994
0.9994
0.9994
0.9994
0.9994
0.9994
0.99941
0.99941
0.99941
0.99941
0.99941
0.99941
0.99941
0.99941
0.99941
0.99941
0.99941
0.99941
0.99941
0.99942
0.99942
0.99942
0.99942
0.99942
0.99942
0.99942
0.99942
0.99942
0.99942
0.99942
0.99942
0.99942
0.99942
0.99943
0.99943
0.99943
0.99943
0.99943
0.99943
0.99943
0.99943
0.99943
0.99943
0.99943
0.99943
0.99943
0.99943
0.99944
0.99944
0.99944
0.99944
0.99944
0.99944
0.99944
0.99944
0.99944
0.99944
0.99944
0.99944
0.99944
0.99944
0.99944
0.99945
0.99945
0.99945
0.99945
0.99945
0.99945
0.99945
0.99945
0.99945
0.99945
0.99945
0.99945
0.99945
0.99945
0.99946
0.99946
0.99946
0.99946
0.99946
0.99946
0.99946
0.99946
0.99946
0.99946
0.99946
0.99946
0.99946
0.99946
0.99946
0.99946
0.99947
0.99947
0.99947
0.99947
0.99947
0.99947
0.99947
0.99947
0.99947
0.99947
0.99947
0.99947
0.99947
0.99947
0.99947
0.99948
0.99948
0.99948
0.99948
0.99948
0.99948
0.99948
0.99948
0.99948
0.99948
0.99948
0.99948
0.99948
0.99948
0.99948
0.99948
0.99949
0.99949
0.99949
0.99949
0.99949
0.99949
0.99949
0.99949
0.99949
0.99949
0.99949
0.99949
0.99949
0.99949
0.99949
0.99949
0.9995
0.9995
0.9995
0.9995
0.9995
0.9995
0.9995
0.9995
0.9995
0.9995
0.9995
0.9995
0.9995
0.9995
0.9995
0.9995
0.9995
0.99951
0.99951
0.99951
0.99951
0.99951
0.99951
0.99951
0.99951
0.99951
0.99951
0.99951
0.99951
0.99951
0.99951
0.99951
0.99951
0.99951
0.99952
0.99952
0.99952
0.99952
0.99952
0.99952
0.99952
0.99952
0.99952
0.99952
0.99952
0.99952
0.99952
0.99952
0.99952
0.99952
0.99952
0.99952
0.99953
0.99953
0.99953
0.99953
0.99953
0.99953
0.99953
0.99953
0.99953
0.99953
0.99953
0.99953
0.99953
0.99953
0.99953
0.99953
0.99953
0.99953
0.99954
0.99954
0.99954
0.99954
0.99954
0.99954
0.99954
0.99954
0.99954
0.99954
0.99954
0.99954
0.99954
0.99954
0.99954
0.99954
0.99954
0.99954
0.99954
0.99955
0.99955
0.99955
0.99955
0.99955
0.99955
0.99955
0.99955
0.99955
0.99955
0.99955
0.99955
0.99955
0.99955
0.99955
0.99955
0.99955
0.99955
0.99955
0.99956
0.99956
0.99956
0.99956
0.99956
0.99956
0.99956
0.99956
0.99956
0.99956
0.99956
0.99956
0.99956
0.99956
0.99956
0.99956
0.99956
0.99956
0.99956
0.99957
0.99957
0.99957
0.99957
0.99957
0.99957
0.99957
0.99957
0.99957
0.99957
0.99957
0.99957
0.99957
0.99957
0.99957
0.99957
0.99957
0.99957
0.99957
0.99957
0.99958
0.99958
0.99958
0.99958
0.99958
0.99958
0.99958
0.99958
0.99958
0.99958
0.99958
0.99958
0.99958
0.99958
0.99958
0.99958
0.99958
0.99958
0.99958
0.99958
0.99958
0.99959
0.99959
0.99959
0.99959
0.99959
0.99959
0.99959
0.99959
0.99959
0.99959
0.99959
0.99959
0.99959
0.99959
0.99959
0.99959
0.99959
0.99959
0.99959
0.99959
0.99959
0.99959
0.9996
0.9996
0.9996
0.9996
0.9996
0.9996
0.9996
0.9996
0.9996
0.9996
0.9996
0.9996
0.9996
0.9996
0.9996
0.9996
0.9996
0.9996
0.9996
0.9996
0.9996
0.9996
0.99961
0.99961
0.99961
0.99961
0.99961
0.99961
0.99961
0.99961
0.99961
0.99961
0.99961
0.99961
0.99961
0.99961
0.99961
0.99961
0.99961
0.99961
0.99961
0.99961
0.99961
0.99961
0.99961
0.99962
0.99962
0.99962
0.99962
0.99962
0.99962
0.99962
0.99962
0.99962
0.99962
0.99962
0.99962
0.99962
0.99962
0.99962
0.99962
0.99962
0.99962
0.99962
0.99962
0.99962
0.99962
0.99962
0.99963
0.99963
0.99963
0.99963
0.99963
0.99963
0.99963
0.99963
0.99963
0.99963
0.99963
0.99963
0.99963
0.99963
0.99963
0.99963
0.99963
0.99963
0.99963
0.99963
0.99963
0.99963
0.99963
0.99963
0.99963
0.99964
0.99964
0.99964
0.99964
0.99964
0.99964
0.99964
0.99964
0.99964
0.99964
0.99964
0.99964
0.99964
0.99964
0.99964
0.99964
0.99964
0.99964
0.99964
0.99964
0.99964
0.99964
0.99964
0.99964
0.99964
0.99965
0.99965
0.99965
0.99965
0.99965
0.99965
0.99965
0.99965
0.99965
0.99965
0.99965
0.99965
0.99965
0.99965
0.99965
0.99965
0.99965
0.99965
0.99965
0.99965
0.99965
0.99965
0.99965
0.99965
0.99965
0.99965
0.99966
0.99966
0.99966
0.99966
0.99966
0.99966
0.99966
0.99966
0.99966
0.99966
0.99966
0.99966
0.99966
0.99966
0.99966
0.99966
0.99966
0.99966
0.99966
0.99966
0.99966
0.99966
0.99966
0.99966
0.99966
0.99966
0.99966
0.99967
0.99967
0.99967
0.99967
0.99967
0.99967
0.99967
0.99967
0.99967
0.99967
0.99967
0.99967
0.99967
0.99967
0.99967
0.99967
0.99967
0.99967
0.99967
0.99967
0.99967
0.99967
0.99967
0.99967
0.99967
0.99967
0.99967
0.99967
0.99967
0.99968
0.99968
0.99968
0.99968
0.99968
0.99968
0.99968
0.99968
0.99968
0.99968
0.99968
0.99968
0.99968
0.99968
0.99968
0.99968
0.99968
0.99968
0.99968
0.99968
0.99968
0.99968
0.99968
0.99968
0.99968
0.99968
0.99968
0.99968
0.99968
0.99969
0.99969
0.99969
0.99969
0.99969
0.99969
0.99969
0.99969
0.99969
0.99969
0.99969
0.99969
0.99969
0.99969
0.99969
0.99969
0.99969
0.99969
0.99969
0.99969
0.99969
0.99969
0.99969
0.99969
0.99969
0.99969
0.99969
0.99969
0.99969
0.99969
0.9997
0.9997
0.9997
0.9997
0.9997
0.9997
0.9997
0.9997
0.9997
0.9997
0.9997
0.9997
0.9997
0.9997
0.9997
0.9997
0.9997
0.9997
0.9997
0.9997
0.9997
0.9997
0.9997
0.9997
0.9997
0.9997
0.9997
0.9997
0.9997
0.9997
0.9997
0.9997
0.99971
0.99971
0.99971
0.99971
0.99971
0.99971
0.99971
0.99971
0.99971
0.99971
0.99971
0.99971
0.99971
0.99971
0.99971
0.99971
0.99971
0.99971
0.99971
0.99971
0.99971
0.99971
0.99971
0.99971
0.99971
0.99971
0.99971
0.99971
0.99971
0.99971
0.99971
0.99971
0.99971
0.99972
0.99972
0.99972
0.99972
0.99972
0.99972
0.99972
0.99972
0.99972
0.99972
0.99972
0.99972
0.99972
0.99972
0.99972
0.99972
0.99972
0.99972
0.99972
0.99972
0.99972
0.99972
0.99972
0.99972
0.99972
0.99972
0.99972
0.99972
0.99972
0.99972
0.99972
0.99972
0.99972
0.99972
0.99972
0.99973
0.99973
0.99973
0.99973
0.99973
0.99973
0.99973
0.99973
0.99973
0.99973
0.99973
0.99973
0.99973
0.99973
0.99973
0.99973
0.99973
0.99973
0.99973
0.99973
0.99973
0.99973
0.99973
0.99973
0.99973
0.99973
0.99973
0.99973
0.99973
0.99973
0.99973
0.99973
0.99973
0.99973
0.99973
0.99973
0.99974
0.99974
0.99974
0.99974
0.99974
0.99974
0.99974
0.99974
0.99974
0.99974
0.99974
0.99974
0.99974
0.99974
0.99974
0.99974
0.99974
0.99974
0.99974
0.99974
0.99974
0.99974
0.99974
0.99974
0.99974
0.99974
0.99974
0.99974
0.99974
0.99974
0.99974
0.99974
0.99974
0.99974
0.99974
0.99974
0.99974
0.99974
0.99975
0.99975
0.99975
0.99975
0.99975
0.99975
0.99975
0.99975
0.99975
0.99975
0.99975
0.99975
0.99975
0.99975
0.99975
0.99975
0.99975
0.99975
0.99975
0.99975
0.99975
0.99975
0.99975
0.99975
0.99975
0.99975
0.99975
0.99975
0.99975
0.99975
0.99975
0.99975
0.99975
0.99975
0.99975
0.99975
0.99975
0.99975
0.99975
0.99975
0.99976
0.99976
0.99976
0.99976
0.99976
0.99976
0.99976
0.99976
0.99976
0.99976
0.99976
0.99976
0.99976
0.99976
0.99976
0.99976
0.99976
0.99976
0.99976
0.99976
0.99976
0.99976
0.99976
0.99976
0.99976
0.99976
0.99976
0.99976
0.99976
0.99976
0.99976
0.99976
0.99976
0.99976
0.99976
0.99976
0.99976
0.99976
0.99976
0.99976
0.99976
0.99977
0.99977
0.99977
0.99977
0.99977
0.99977
0.99977
0.99977
0.99977
0.99977
0.99977
0.99977
0.99977
0.99977
0.99977
0.99977
0.99977
0.99977
0.99977
0.99977
0.99977
0.99977
0.99977
0.99977
0.99977
0.99977
0.99977
0.99977
0.99977
0.99977
0.99977
0.99977
0.99977
0.99977
0.99977
0.99977
0.99977
0.99977
0.99977
0.99977
0.99977
0.99977
0.99977
0.99977
0.99978
0.99978
0.99978
0.99978
0.99978
0.99978
0.99978
0.99978
0.99978
0.99978
0.99978
0.99978
0.99978
0.99978
0.99978
0.99978
0.99978
0.99978
0.99978
0.99978
0.99978
0.99978
0.99978
0.99978
0.99978
0.99978
0.99978
0.99978
0.99978
0.99978
0.99978
0.99978
0.99978
0.99978
0.99978
0.99978
0.99978
0.99978
0.99978
0.99978
0.99978
0.99978
0.99978
0.99978
0.99978
0.99978
0.99978
0.99979
0.99979
0.99979
0.99979
0.99979
0.99979
0.99979
0.99979
0.99979
0.99979
0.99979
0.99979
0.99979
0.99979
0.99979
0.99979
0.99979
0.99979
0.99979
0.99979
0.99979
0.99979
0.99979
0.99979
0.99979
0.99979
0.99979
0.99979
0.99979
0.99979
0.99979
0.99979
0.99979
0.99979
0.99979
0.99979
0.99979
0.99979
0.99979
0.99979
0.99979
0.99979
0.99979
0.99979
0.99979
0.99979
0.99979
0.99979
0.99979
0.9998
0.9998
0.9998
0.9998
0.9998
0.9998
0.9998
0.9998
0.9998
0.9998
0.9998
0.9998
0.9998
0.9998
0.9998
0.9998
0.9998
0.9998
0.9998
0.9998
0.9998
0.9998
0.9998
0.9998
0.9998
0.9998
0.9998
0.9998
0.9998
0.9998
0.9998
0.9998
0.9998
0.9998
0.9998
0.9998
0.9998
0.9998
0.9998
0.9998
0.9998
0.9998
0.9998
0.9998
0.9998
0.9998
0.9998
0.9998
0.9998
0.9998
0.9998
0.9998
0.99981
0.99981
0.99981
0.99981
0.99981
0.99981
0.99981
0.99981
0.99981
0.99981
0.99981
0.99981
0.99981
0.99981
0.99981
0.99981
0.99981
0.99981
0.99981
0.99981
0.99981
0.99981
0.99981
0.99981
0.99981
0.99981
0.99981
0.99981
0.99981
0.99981
0.99981
0.99981
0.99981
0.99981
0.99981
0.99981
0.99981
0.99981
0.99981
0.99981
0.99981
0.99981
0.99981
0.99981
0.99981
0.99981
0.99981
0.99981
0.99981
0.99981
0.99981
0.99981
0.99981
0.99981
0.99981
0.99982
0.99982
0.99982
0.99982
0.99982
0.99982
0.99982
0.99982
0.99982
0.99982
0.99982
0.99982
0.99982
0.99982
0.99982
0.99982
0.99982
0.99982
0.99982
0.99982
0.99982
0.99982
0.99982
0.99982
0.99982
0.99982
0.99982
0.99982
0.99982
0.99982
0.99982
0.99982
0.99982
0.99982
0.99982
0.99982
0.99982
0.99982
0.99982
0.99982
0.99982
0.99982
0.99982
0.99982
0.99982
0.99982
0.99982
0.99982
0.99982
0.99982
0.99982
0.99982
0.99982
0.99982
0.99982
0.99982
0.99982
0.99982
0.99982
0.99983
0.99983
0.99983
0.99983
0.99983
0.99983
0.99983
0.99983
0.99983
0.99983
0.99983
0.99983
0.99983
0.99983
0.99983
0.99983
0.99983
0.99983
0.99983
0.99983
0.99983
0.99983
0.99983
0.99983
0.99983
0.99983
0.99983
0.99983
0.99983
0.99983
0.99983
0.99983
0.99983
0.99983
0.99983
0.99983
0.99983
0.99983
0.99983
0.99983
0.99983
0.99983
0.99983
0.99983
0.99983
0.99983
0.99983
0.99983
0.99983
0.99983
0.99983
0.99983
0.99983
0.99983
0.99983
0.99983
0.99983
0.99983
0.99983
0.99983
0.99983
0.99983
0.99983
0.99984
0.99984
0.99984
0.99984
0.99984
0.99984
0.99984
0.99984
0.99984
0.99984
0.99984
0.99984
0.99984
0.99984
0.99984
0.99984
0.99984
0.99984
0.99984
0.99984
0.99984
0.99984
0.99984
0.99984
0.99984
0.99984
0.99984
0.99984
0.99984
0.99984
0.99984
0.99984
0.99984
0.99984
0.99984
0.99984
0.99984
0.99984
0.99984
0.99984
0.99984
0.99984
0.99984
0.99984
0.99984
0.99984
0.99984
0.99984
0.99984
0.99984
0.99984
0.99984
0.99984
0.99984
0.99984
0.99984
0.99984
0.99984
0.99984
0.99984
0.99984
0.99984
0.99984
0.99984
0.99984
0.99984
0.99984
0.99984
0.99985
0.99985
0.99985
0.99985
0.99985
0.99985
0.99985
0.99985
0.99985
0.99985
0.99985
0.99985
0.99985
0.99985
0.99985
0.99985
0.99985
0.99985
0.99985
0.99985
0.99985
0.99985
0.99985
0.99985
0.99985
0.99985
0.99985
0.99985
0.99985
0.99985
0.99985
0.99985
0.99985
0.99985
0.99985
0.99985
0.99985
0.99985
0.99985
0.99985
0.99985
0.99985
0.99985
0.99985
0.99985
0.99985
0.99985
0.99985
0.99985
0.99985
0.99985
0.99985
0.99985
0.99985
0.99985
0.99985
0.99985
0.99985
0.99985
0.99985
0.99985
0.99985
0.99985
0.99985
0.99985
0.99985
0.99985
0.99985
0.99985
0.99985
0.99985
0.99985
0.99985
0.99986
0.99986
0.99986
0.99986
0.99986
0.99986
0.99986
0.99986
0.99986
0.99986
0.99986
0.99986
0.99986
0.99986
0.99986
0.99986
0.99986
0.99986
0.99986
0.99986
0.99986
0.99986
0.99986
0.99986
0.99986
0.99986
0.99986
0.99986
0.99986
0.99986
0.99986
0.99986
0.99986
0.99986
0.99986
0.99986
0.99986
0.99986
0.99986
0.99986
0.99986
0.99986
0.99986
0.99986
0.99986
0.99986
0.99986
0.99986
0.99986
0.99986
0.99986
0.99986
0.99986
0.99986
0.99986
0.99986
0.99986
0.99986
0.99986
0.99986
0.99986
0.99986
0.99986
0.99986
0.99986
0.99986
0.99986
0.99986
0.99986
0.99986
0.99986
0.99986
0.99986
0.99986
0.99986
0.99986
0.99986
0.99986
0.99986
0.99987
0.99987
0.99987
0.99987
0.99987
0.99987
0.99987
0.99987
0.99987
0.99987
0.99987
0.99987
0.99987
0.99987
0.99987
0.99987
0.99987
0.99987
0.99987
0.99987
0.99987
0.99987
0.99987
0.99987
0.99987
0.99987
0.99987
0.99987
0.99987
0.99987
0.99987
0.99987
0.99987
0.99987
0.99987
0.99987
0.99987
0.99987
0.99987
0.99987
0.99987
0.99987
0.99987
0.99987
0.99987
0.99987
0.99987
0.99987
0.99987
0.99987
0.99987
0.99987
0.99987
0.99987
0.99987
0.99987
0.99987
0.99987
0.99987
0.99987
0.99987
0.99987
0.99987
0.99987
0.99987
0.99987
0.99987
0.99987
0.99987
0.99987
0.99987
0.99987
0.99987
0.99987
0.99987
0.99987
0.99987
0.99987
0.99987
0.99987
0.99987
0.99987
0.99987
0.99987
0.99987
0.99987
0.99988
0.99988
0.99988
0.99988
0.99988
0.99988
0.99988
0.99988
0.99988
0.99988
0.99988
0.99988
0.99988
0.99988
0.99988
0.99988
0.99988
0.99988
0.99988
0.99988
0.99988
0.99988
0.99988
0.99988
0.99988
0.99988
0.99988
0.99988
0.99988
0.99988
0.99988
0.99988
0.99988
0.99988
0.99988
0.99988
0.99988
0.99988
0.99988
0.99988
0.99988
0.99988
0.99988
0.99988
0.99988
0.99988
0.99988
0.99988
0.99988
0.99988
0.99988
0.99988
0.99988
0.99988
0.99988
0.99988
0.99988
0.99988
0.99988
0.99988
0.99988
0.99988
0.99988
0.99988
0.99988
0.99988
0.99988
0.99988
0.99988
0.99988
0.99988
0.99988
0.99988
0.99988
0.99988
0.99988
0.99988
0.99988
0.99988
0.99988
0.99988
0.99988
0.99988
0.99988
0.99988
0.99988
0.99988
0.99988
0.99988
0.99988
0.99988
0.99988
0.99988
0.99989
0.99989
0.99989
0.99989
0.99989
0.99989
0.99989
0.99989
0.99989
0.99989
0.99989
0.99989
0.99989
0.99989
0.99989
0.99989
0.99989
0.99989
0.99989
0.99989
0.99989
0.99989
0.99989
0.99989
0.99989
0.99989
0.99989
0.99989
0.99989
0.99989
0.99989
0.99989
0.99989
0.99989
0.99989
0.99989
0.99989
0.99989
0.99989
0.99989
0.99989
0.99989
0.99989
0.99989
0.99989
0.99989
0.99989
0.99989
0.99989
0.99989
0.99989
0.99989
0.99989
0.99989
0.99989
0.99989
0.99989
0.99989
0.99989
0.99989
0.99989
0.99989
0.99989
0.99989
0.99989
0.99989
0.99989
0.99989
0.99989
0.99989
0.99989
0.99989
0.99989
0.99989
0.99989
0.99989
0.99989
0.99989
0.99989
0.99989
0.99989
0.99989
0.99989
0.99989
0.99989
0.99989
0.99989
0.99989
0.99989
0.99989
0.99989
0.99989
0.99989
0.99989
0.99989
0.99989
0.99989
0.99989
0.99989
0.99989
0.99989
0.99989
0.99989
0.9999
0.9999
0.9999
0.9999
0.9999
0.9999
0.9999
0.9999
0.9999
0.9999
0.9999
0.9999
0.9999
0.9999
0.9999
0.9999
0.9999
0.9999
0.9999
0.9999
0.9999
0.9999
0.9999
0.9999
0.9999
0.9999
0.9999
0.9999
0.9999
0.9999
0.9999
0.9999
0.9999
0.9999
0.9999
0.9999
0.9999
0.9999
0.9999
0.9999
0.9999
0.9999
0.9999
0.9999
0.9999
0.9999
0.9999
0.9999
0.9999
0.9999
0.9999
0.9999
0.9999
0.9999
0.9999
0.9999
0.9999
0.9999
0.9999
0.9999
0.9999
0.9999
0.9999
0.9999
0.9999
0.9999
0.9999
0.9999
0.9999
0.9999
0.9999
0.9999
0.9999
0.9999
0.9999
0.9999
0.9999
0.9999
0.9999
0.9999
0.9999
0.9999
0.9999
0.9999
0.9999
0.9999
0.9999
0.9999
0.9999
0.9999
0.9999
0.9999
0.9999
0.9999
0.9999
0.9999
0.9999
0.9999
0.9999
0.9999
0.9999
0.9999
0.9999
0.9999
0.9999
0.9999
0.9999
0.9999
0.9999
0.9999
0.9999
0.9999
0.9999
0.9999
0.99991
0.99991
0.99991
0.99991
0.99991
0.99991
0.99991
0.99991
0.99991
0.99991
0.99991
0.99991
0.99991
0.99991
0.99991
0.99991
0.99991
0.99991
0.99991
0.99991
0.99991
0.99991
0.99991
0.99991
0.99991
0.99991
0.99991
0.99991
0.99991
0.99991
0.99991
0.99991
0.99991
0.99991
0.99991
0.99991
0.99991
0.99991
0.99991
0.99991
0.99991
0.99991
0.99991
0.99991
0.99991
0.99991
0.99991
0.99991
0.99991
0.99991
0.99991
0.99991
0.99991
0.99991
0.99991
0.99991
0.99991
0.99991
0.99991
0.99991
0.99991
0.99991
0.99991
0.99991
0.99991
0.99991
0.99991
0.99991
0.99991
0.99991
0.99991
0.99991
0.99991
0.99991
0.99991
0.99991
0.99991
0.99991
0.99991
0.99991
0.99991
0.99991
0.99991
0.99991
0.99991
0.99991
0.99991
0.99991
0.99991
0.99991
0.99991
0.99991
0.99991
0.99991
0.99991
0.99991
0.99991
0.99991
0.99991
0.99991
0.99991
0.99991
0.99991
0.99991
0.99991
0.99991
0.99991
0.99991
0.99991
0.99991
0.99991
0.99991
0.99991
0.99991
0.99991
0.99991
0.99991
0.99991
0.99991
0.99991
0.99991
0.99991
0.99991
0.99991
0.99991
0.99991
0.99991
0.99992
0.99992
0.99992
0.99992
0.99992
0.99992
0.99992
0.99992
0.99992
0.99992
0.99992
0.99992
0.99992
0.99992
0.99992
0.99992
0.99992
0.99992
0.99992
0.99992
0.99992
0.99992
0.99992
0.99992
0.99992
0.99992
0.99992
0.99992
0.99992
0.99992
0.99992
0.99992
0.99992
0.99992
0.99992
0.99992
0.99992
0.99992
0.99992
0.99992
0.99992
0.99992
0.99992
0.99992
0.99992
0.99992
0.99992
0.99992
0.99992
0.99992
0.99992
0.99992
0.99992
0.99992
0.99992
0.99992
0.99992
0.99992
0.99992
0.99992
0.99992
0.99992
0.99992
0.99992
0.99992
0.99992
0.99992
0.99992
0.99992
0.99992
0.99992
0.99992
0.99992
0.99992
0.99992
0.99992
0.99992
0.99992
0.99992
0.99992
0.99992
0.99992
0.99992
0.99992
0.99992
0.99992
0.99992
0.99992
0.99992
0.99992
0.99992
0.99992
0.99992
0.99992
0.99992
0.99992
0.99992
0.99992
0.99992
0.99992
0.99992
0.99992
0.99992
0.99992
0.99992
0.99992
0.99992
0.99992
0.99992
0.99992
0.99992
0.99992
0.99992
0.99992
0.99992
0.99992
0.99992
0.99992
0.99992
0.99992
0.99992
0.99992
0.99992
0.99992
0.99992
0.99992
0.99992
0.99992
0.99992
0.99992
0.99992
0.99992
0.99992
0.99992
0.99992
0.99992
0.99992
0.99992
0.99992
0.99992
0.99992
0.99992
0.99992
0.99993
0.99993
0.99993
0.99993
0.99993
0.99993
0.99993
0.99993
0.99993
0.99993
0.99993
0.99993
0.99993
0.99993
0.99993
0.99993
0.99993
0.99993
0.99993
0.99993
0.99993
0.99993
0.99993
0.99993
0.99993
0.99993
0.99993
0.99993
0.99993
0.99993
0.99993
0.99993
0.99993
0.99993
0.99993
0.99993
0.99993
0.99993
0.99993
0.99993
0.99993
0.99993
0.99993
0.99993
0.99993
0.99993
0.99993
0.99993
0.99993
0.99993
0.99993
0.99993
0.99993
0.99993
0.99993
0.99993
0.99993
0.99993
0.99993
0.99993
0.99993
0.99993
0.99993
0.99993
0.99993
0.99993
0.99993
0.99993
0.99993
0.99993
0.99993
0.99993
0.99993
0.99993
0.99993
0.99993
0.99993
0.99993
0.99993
0.99993
0.99993
0.99993
0.99993
0.99993
0.99993
0.99993
0.99993
0.99993
0.99993
0.99993
0.99993
0.99993
0.99993
0.99993
0.99993
0.99993
0.99993
0.99993
0.99993
0.99993
0.99993
0.99993
0.99993
0.99993
0.99993
0.99993
0.99993
0.99993
0.99993
0.99993
0.99993
0.99993
0.99993
0.99993
0.99993
0.99993
0.99993
0.99993
0.99993
0.99993
0.99993
0.99993
0.99993
0.99993
0.99993
0.99993
0.99993
0.99993
0.99993
0.99993
0.99993
0.99993
0.99993
0.99993
0.99993
0.99993
0.99993
0.99993
0.99993
0.99993
0.99993
0.99993
0.99993
0.99993
0.99993
0.99993
0.99993
0.99993
0.99993
0.99993
0.99993
0.99993
0.99993
0.99993
0.99993
0.99993
0.99993
0.99993
0.99993
0.99993
0.99993
0.99993
0.99994
0.99994
0.99994
0.99994
0.99994
0.99994
0.99994
0.99994
0.99994
0.99994
0.99994
0.99994
0.99994
0.99994
0.99994
0.99994
0.99994
0.99994
0.99994
0.99994
0.99994
0.99994
0.99994
0.99994
0.99994
0.99994
0.99994
0.99994
0.99994
0.99994
0.99994
0.99994
0.99994
0.99994
0.99994
0.99994
0.99994
0.99994
0.99994
0.99994
0.99994
0.99994
0.99994
0.99994
0.99994
0.99994
0.99994
0.99994
0.99994
0.99994
0.99994
0.99994
0.99994
0.99994
0.99994
0.99994
0.99994
0.99994
0.99994
0.99994
0.99994
0.99994
0.99994
0.99994
0.99994
0.99994
0.99994
0.99994
0.99994
0.99994
0.99994
0.99994
0.99994
0.99994
0.99994
0.99994
0.99994
0.99994
0.99994
0.99994
0.99994
0.99994
0.99994
0.99994
0.99994
0.99994
0.99994
0.99994
0.99994
0.99994
0.99994
0.99994
0.99994
0.99994
0.99994
0.99994
0.99994
0.99994
0.99994
0.99994
0.99994
0.99994
0.99994
0.99994
0.99994
0.99994
0.99994
0.99994
0.99994
0.99994
0.99994
0.99994
0.99994
0.99994
0.99994
0.99994
0.99994
0.99994
0.99994
0.99994
0.99994
0.99994
0.99994
0.99994
0.99994
0.99994
0.99994
0.99994
0.99994
0.99994
0.99994
0.99994
0.99994
0.99994
0.99994
0.99994
0.99994
0.99994
0.99994
0.99994
0.99994
0.99994
0.99994
0.99994
0.99994
0.99994
0.99994
0.99994
0.99994
0.99994
0.99994
0.99994
0.99994
0.99994
0.99994
0.99994
0.99994
0.99994
0.99994
0.99994
0.99994
0.99994
0.99994
0.99994
0.99994
0.99994
0.99994
0.99994
0.99994
0.99994
0.99994
0.99994
0.99994
0.99994
0.99994
0.99994
0.99994
0.99994
0.99994
0.99994
0.99994
0.99994
0.99994
0.99994
0.99994
0.99994
0.99994
0.99994
0.99995
0.99995
0.99995
0.99995
0.99995
0.99995
0.99995
0.99995
0.99995
0.99995
0.99995
0.99995
0.99995
0.99995
0.99995
0.99995
0.99995
0.99995
0.99995
0.99995
0.99995
0.99995
0.99995
0.99995
0.99995
0.99995
0.99995
0.99995
0.99995
0.99995
0.99995
0.99995
0.99995
0.99995
0.99995
0.99995
0.99995
0.99995
0.99995
0.99995
0.99995
0.99995
0.99995
0.99995
0.99995
0.99995
0.99995
0.99995
0.99995
0.99995
0.99995
0.99995
0.99995
0.99995
0.99995
0.99995
0.99995
0.99995
0.99995
0.99995
0.99995
0.99995
0.99995
0.99995
0.99995
0.99995
0.99995
0.99995
0.99995
0.99995
0.99995
0.99995
0.99995
0.99995
0.99995
0.99995
0.99995
0.99995
0.99995
0.99995
0.99995
0.99995
0.99995
0.99995
0.99995
0.99995
0.99995
0.99995
0.99995
0.99995
0.99995
0.99995
0.99995
0.99995
0.99995
0.99995
0.99995
0.99995
0.99995
0.99995
0.99995
0.99995
0.99995
0.99995
0.99995
0.99995
0.99995
0.99995
0.99995
0.99995
0.99995
0.99995
0.99995
0.99995
0.99995
0.99995
0.99995
0.99995
0.99995
0.99995
0.99995
0.99995
0.99995
0.99995
0.99995
0.99995
0.99995
0.99995
0.99995
0.99995
0.99995
0.99995
0.99995
0.99995
0.99995
0.99995
0.99995
0.99995
0.99995
0.99995
0.99995
0.99995
0.99995
0.99995
0.99995
0.99995
0.99995
0.99995
0.99995
0.99995
0.99995
0.99995
0.99995
0.99995
0.99995
0.99995
0.99995
0.99995
0.99995
0.99995
0.99995
0.99995
0.99995
0.99995
0.99995
0.99995
0.99995
0.99995
0.99995
0.99995
0.99995
0.99995
0.99995
0.99995
0.99995
0.99995
0.99995
0.99995
0.99995
0.99995
0.99995
0.99995
0.99995
0.99995
0.99995
0.99995
0.99995
0.99995
0.99995
0.99995
0.99995
0.99995
0.99995
0.99995
0.99995
0.99995
0.99995
0.99995
0.99995
0.99995
0.99995
0.99995
0.99995
0.99995
0.99995
0.99995
0.99995
0.99995
0.99995
0.99995
0.99995
0.99995
0.99995
0.99995
0.99995
0.99995
0.99995
0.99995
0.99995
0.99995
0.99995
0.99996
0.99996
0.99996
0.99996
0.99996
0.99996
0.99996
0.99996
0.99996
0.99996
0.99996
0.99996
0.99996
0.99996
0.99996
0.99996
0.99996
0.99996
0.99996
0.99996
0.99996
0.99996
0.99996
0.99996
0.99996
0.99996
0.99996
0.99996
0.99996
0.99996
0.99996
0.99996
0.99996
0.99996
0.99996
0.99996
0.99996
0.99996
0.99996
0.99996
0.99996
0.99996
0.99996
0.99996
0.99996
0.99996
0.99996
0.99996
0.99996
0.99996
0.99996
0.99996
0.99996
0.99996
0.99996
0.99996
0.99996
0.99996
0.99996
0.99996
0.99996
0.99996
0.99996
0.99996
0.99996
0.99996
0.99996
0.99996
0.99996
0.99996
0.99996
0.99996
0.99996
0.99996
0.99996
0.99996
0.99996
0.99996
0.99996
0.99996
0.99996
0.99996
0.99996
0.99996
0.99996
0.99996
0.99996
0.99996
0.99996
0.99996
0.99996
0.99996
0.99996
0.99996
0.99996
0.99996
0.99996
0.99996
0.99996
0.99996
0.99996
0.99996
0.99996
0.99996
0.99996
0.99996
0.99996
0.99996
0.99996
0.99996
0.99996
0.99996
0.99996
0.99996
0.99996
0.99996
0.99996
0.99996
0.99996
0.99996
0.99996
0.99996
0.99996
0.99996
0.99996
0.99996
0.99996
0.99996
0.99996
0.99996
0.99996
0.99996
0.99996
0.99996
0.99996
0.99996
0.99996
0.99996
0.99996
0.99996
0.99996
0.99996
0.99996
0.99996
0.99996
0.99996
0.99996
0.99996
0.99996
0.99996
0.99996
0.99996
0.99996
0.99996
0.99996
0.99996
0.99996
0.99996
0.99996
0.99996
0.99996
0.99996
0.99996
0.99996
0.99996
0.99996
0.99996
0.99996
0.99996
0.99996
0.99996
0.99996
0.99996
0.99996
0.99996
0.99996
0.99996
0.99996
0.99996
0.99996
0.99996
0.99996
0.99996
0.99996
0.99996
0.99996
0.99996
0.99996
0.99996
0.99996
0.99996
0.99996
0.99996
0.99996
0.99996
0.99996
0.99996
0.99996
0.99996
0.99996
0.99996
0.99996
0.99996
0.99996
0.99996
0.99996
0.99996
0.99996
0.99996
0.99996
0.99996
0.99996
0.99996
0.99996
0.99996
0.99996
0.99996
0.99996
0.99996
0.99996
0.99996
0.99996
0.99996
0.99996
0.99996
0.99996
0.99996
0.99996
0.99996
0.99996
0.99996
0.99996
0.99996
0.99996
0.99996
0.99996
0.99996
0.99996
0.99996
0.99996
0.99996
0.99996
0.99996
0.99996
0.99996
0.99996
0.99996
0.99996
0.99996
0.99996
0.99996
0.99996
0.99996
0.99996
0.99996
0.99996
0.99996
0.99996
0.99996
0.99996
0.99996
0.99996
0.99996
0.99996
0.99996
0.99996
0.99996
0.99997
0.99997
0.99997
0.99997
0.99997
0.99997
0.99997
0.99997
0.99997
0.99997
0.99997
0.99997
0.99997
0.99997
0.99997
0.99997
0.99997
0.99997
0.99997
0.99997
0.99997
0.99997
0.99997
0.99997
0.99997
0.99997
0.99997
0.99997
0.99997
0.99997
0.99997
0.99997
0.99997
0.99997
0.99997
0.99997
0.99997
0.99997
0.99997
0.99997
0.99997
0.99997
0.99997
0.99997
0.99997
0.99997
0.99997
0.99997
0.99997
0.99997
0.99997
0.99997
0.99997
0.99997
0.99997
0.99997
0.99997
0.99997
0.99997
0.99997
0.99997
0.99997
0.99997
0.99997
0.99997
0.99997
0.99997
0.99997
0.99997
0.99997
0.99997
0.99997
0.99997
0.99997
0.99997
0.99997
0.99997
0.99997
0.99997
0.99997
0.99997
0.99997
0.99997
0.99997
0.99997
0.99997
0.99997
0.99997
0.99997
0.99997
0.99997
0.99997
0.99997
0.99997
0.99997
0.99997
0.99997
0.99997
0.99997
0.99997
0.99997
0.99997
0.99997
0.99997
0.99997
0.99997
0.99997
0.99997
0.99997
0.99997
0.99997
0.99997
0.99997
0.99997
0.99997
0.99997
0.99997
0.99997
0.99997
0.99997
0.99997
0.99997
0.99997
0.99997
0.99997
0.99997
0.99997
0.99997
0.99997
0.99997
0.99997
0.99997
0.99997
0.99997
0.99997
0.99997
0.99997
0.99997
0.99997
0.99997
0.99997
0.99997
0.99997
0.99997
0.99997
0.99997
0.99997
0.99997
0.99997
0.99997
0.99997
0.99997
0.99997
0.99997
0.99997
0.99997
0.99997
0.99997
0.99997
0.99997
0.99997
0.99997
0.99997
0.99997
0.99997
0.99997
0.99997
0.99997
0.99997
0.99997
0.99997
0.99997
0.99997
0.99997
0.99997
0.99997
0.99997
0.99997
0.99997
0.99997
0.99997
0.99997
0.99997
0.99997
0.99997
0.99997
0.99997
0.99997
0.99997
0.99997
0.99997
0.99997
0.99997
0.99997
0.99997
0.99997
0.99997
0.99997
0.99997
0.99997
0.99997
0.99997
0.99997
0.99997
0.99997
0.99997
0.99997
0.99997
0.99997
0.99997
0.99997
0.99997
0.99997
0.99997
0.99997
0.99997
0.99997
0.99997
0.99997
0.99997
0.99997
0.99997
0.99997
0.99997
0.99997
0.99997
0.99997
0.99997
0.99997
0.99997
0.99997
0.99997
0.99997
0.99997
0.99997
0.99997
0.99997
0.99997
0.99997
0.99997
0.99997
0.99997
0.99997
0.99997
0.99997
0.99997
0.99997
0.99997
0.99997
0.99997
0.99997
0.99997
0.99997
0.99997
0.99997
0.99997
0.99997
0.99997
0.99997
0.99997
0.99997
0.99997
0.99997
0.99997
0.99997
0.99997
0.99997
0.99997
0.99997
0.99997
0.99997
0.99997
0.99997
0.99997
0.99997
0.99997
0.99997
0.99997
0.99997
0.99997
0.99997
0.99997
0.99997
0.99997
0.99997
0.99997
0.99997
0.99997
0.99997
0.99997
0.99997
0.99997
0.99997
0.99997
0.99997
0.99997
0.99997
0.99997
0.99997
0.99997
0.99997
0.99997
0.99997
0.99997
0.99997
0.99997
0.99997
0.99997
0.99997
0.99997
0.99997
0.99997
0.99997
0.99997
0.99997
0.99997
0.99997
0.99997
0.99997
0.99997
0.99997
0.99997
0.99997
0.99997
0.99997
0.99997
0.99997
0.99997
0.99997
0.99997
0.99997
0.99997
0.99997
0.99997
0.99997
0.99997
0.99997
0.99997
0.99997
0.99998
0.99998
0.99998
0.99998
0.99998
0.99998
0.99998
0.99998
0.99998
0.99998
0.99998
0.99998
0.99998
0.99998
0.99998
0.99998
0.99998
0.99998
0.99998
0.99998
0.99998
0.99998
0.99998
0.99998
0.99998
0.99998
0.99998
0.99998
0.99998
0.99998
0.99998
0.99998
0.99998
0.99998
0.99998
0.99998
0.99998
0.99998
0.99998
0.99998
0.99998
0.99998
0.99998
0.99998
0.99998
0.99998
0.99998
0.99998
0.99998
0.99998
0.99998
0.99998
0.99998
0.99998
0.99998
0.99998
0.99998
0.99998
0.99998
0.99998
0.99998
0.99998
0.99998
0.99998
0.99998
0.99998
0.99998
0.99998
0.99998
0.99998
0.99998
0.99998
0.99998
0.99998
0.99998
0.99998
0.99998
0.99998
0.99998
0.99998
0.99998
0.99998
0.99998
0.99998
0.99998
0.99998
0.99998
0.99998
0.99998
0.99998
0.99998
0.99998
0.99998
0.99998
0.99998
0.99998
0.99998
0.99998
0.99998
0.99998
0.99998
0.99998
0.99998
0.99998
0.99998
0.99998
0.99998
0.99998
0.99998
0.99998
0.99998
0.99998
0.99998
0.99998
0.99998
0.99998
0.99998
0.99998
0.99998
0.99998
0.99998
0.99998
0.99998
0.99998
0.99998
0.99998
0.99998
0.99998
0.99998
0.99998
0.99998
0.99998
0.99998
0.99998
0.99998
0.99998
0.99998
0.99998
0.99998
0.99998
0.99998
0.99998
0.99998
0.99998
0.99998
0.99998
0.99998
0.99998
0.99998
0.99998
0.99998
0.99998
0.99998
0.99998
0.99998
0.99998
0.99998
0.99998
0.99998
0.99998
0.99998
0.99998
0.99998
0.99998
0.99998
0.99998
0.99998
0.99998
0.99998
0.99998
0.99998
0.99998
0.99998
0.99998
0.99998
0.99998
0.99998
0.99998
0.99998
0.99998
0.99998
0.99998
0.99998
0.99998
0.99998
0.99998
0.99998
0.99998
0.99998
0.99998
0.99998
0.99998
0.99998
0.99998
0.99998
0.99998
0.99998
0.99998
0.99998
0.99998
0.99998
0.99998
0.99998
0.99998
0.99998
0.99998
0.99998
0.99998
0.99998
0.99998
0.99998
0.99998
0.99998
0.99998
0.99998
0.99998
0.99998
0.99998
0.99998
0.99998
0.99998
0.99998
0.99998
0.99998
0.99998
0.99998
0.99998
0.99998
0.99998
0.99998
0.99998
0.99998
0.99998
0.99998
0.99998
0.99998
0.99998
0.99998
0.99998
0.99998
0.99998
0.99998
0.99998
0.99998
0.99998
0.99998
0.99998
0.99998
0.99998
0.99998
0.99998
0.99998
0.99998
0.99998
0.99998
0.99998
0.99998
0.99998
0.99998
0.99998
0.99998
0.99998
0.99998
0.99998
0.99998
0.99998
0.99998
0.99998
0.99998
0.99998
0.99998
0.99998
0.99998
0.99998
0.99998
0.99998
0.99998
0.99998
0.99998
0.99998
0.99998
0.99998
0.99998
0.99998
0.99998
0.99998
0.99998
0.99998
0.99998
0.99998
0.99998
0.99998
0.99998
0.99998
0.99998
0.99998
0.99998
0.99998
0.99998
0.99998
0.99998
0.99998
0.99998
0.99998
0.99998
0.99998
0.99998
0.99998
0.99998
0.99998
0.99998
0.99998
0.99998
0.99998
0.99998
0.99998
0.99998
0.99998
0.99998
0.99998
0.99998
0.99998
0.99998
0.99998
0.99998
0.99998
0.99998
0.99998
0.99998
0.99998
0.99998
0.99998
0.99998
0.99998
0.99998
0.99998
0.99998
0.99998
0.99998
0.99998
0.99998
0.99998
0.99998
0.99998
0.99998
0.99998
0.99998
0.99998
0.99998
0.99998
0.99998
0.99998
0.99998
0.99998
0.99998
0.99998
0.99998
0.99998
0.99998
0.99998
0.99998
0.99998
0.99998
0.99998
0.99998
0.99998
0.99998
0.99998
0.99998
0.99998
0.99998
0.99998
0.99998
0.99998
0.99998
0.99998
0.99998
0.99998
0.99998
0.99998
0.99998
0.99998
0.99998
0.99998
0.99998
0.99998
0.99998
0.99998
0.99998
0.99998
0.99998
0.99998
0.99998
0.99998
0.99998
0.99998
0.99998
0.99998
0.99998
0.99998
0.99998
0.99998
0.99998
0.99998
0.99998
0.99998
0.99998
0.99998
0.99998
0.99998
0.99998
0.99998
0.99998
0.99998
0.99998
0.99998
0.99998
0.99998
0.99998
0.99998
0.99998
0.99998
0.99998
0.99998
0.99998
0.99998
0.99998
0.99998
0.99998
0.99998
0.99998
0.99998
0.99998
0.99998
0.99998
0.99998
0.99998
0.99998
0.99998
0.99998
0.99998
0.99998
0.99998
0.99998
0.99998
0.99998
0.99998
0.99998
0.99998
0.99998
0.99998
0.99998
0.99998
0.99998
0.99998
0.99998
0.99998
0.99998
0.99998
0.99998
0.99998
0.99998
0.99998
0.99998
0.99998
0.99998
0.99998
0.99998
0.99998
0.99998
0.99999
0.99999
0.99999
0.99999
0.99999
0.99999
0.99999
0.99999
0.99999
0.99999
0.99999
0.99999
0.99999
0.99999
0.99999
0.99999
0.99999
0.99999
0.99999
0.99999
0.99999
0.99999
0.99999
0.99999
0.99999
0.99999
0.99999
0.99999
0.99999
0.99999
0.99999
0.99999
0.99999
0.99999
0.99999
0.99999
0.99999
0.99999
0.99999
0.99999
0.99999
0.99999
0.99999
0.99999
0.99999
0.99999
0.99999
0.99999
0.99999
0.99999
0.99999
0.99999
0.99999
0.99999
0.99999
0.99999
0.99999
0.99999
0.99999
0.99999
0.99999
0.99999
0.99999
0.99999
0.99999
0.99999
0.99999
0.99999
0.99999
0.99999
0.99999
0.99999
0.99999
0.99999
0.99999
0.99999
0.99999
0.99999
0.99999
0.99999
0.99999
0.99999
0.99999
0.99999
0.99999
0.99999
0.99999
0.99999
0.99999
0.99999
0.99999
0.99999
0.99999
0.99999
0.99999
0.99999
0.99999
0.99999
0.99999
0.99999
0.99999
0.99999
0.99999
0.99999
0.99999
0.99999
0.99999
0.99999
0.99999
0.99999
0.99999
0.99999
0.99999
0.99999
0.99999
0.99999
0.99999
0.99999
0.99999
0.99999
0.99999
0.99999
0.99999
0.99999
0.99999
0.99999
0.99999
0.99999
0.99999
0.99999
0.99999
0.99999
0.99999
0.99999
0.99999
0.99999
0.99999
0.99999
0.99999
0.99999
0.99999
0.99999
0.99999
0.99999
0.99999
0.99999
0.99999
0.99999
0.99999
0.99999
0.99999
0.99999
0.99999
0.99999
0.99999
0.99999
0.99999
0.99999
0.99999
0.99999
0.99999
0.99999
0.99999
0.99999
0.99999
0.99999
0.99999
0.99999
0.99999
0.99999
0.99999
0.99999
0.99999
0.99999
0.99999
0.99999
0.99999
0.99999
0.99999
0.99999
0.99999
0.99999
0.99999
0.99999
0.99999
0.99999
0.99999
0.99999
0.99999
0.99999
0.99999
0.99999
0.99999
0.99999
0.99999
0.99999
0.99999
0.99999
0.99999
0.99999
0.99999
0.99999
0.99999
0.99999
0.99999
0.99999
0.99999
0.99999
0.99999
0.99999
0.99999
0.99999
0.99999
0.99999
0.99999
0.99999
0.99999
0.99999
0.99999
0.99999
0.99999
0.99999
0.99999
0.99999
0.99999
0.99999
0.99999
0.99999
0.99999
0.99999
0.99999
0.99999
0.99999
0.99999
0.99999
0.99999
0.99999
0.99999
0.99999
0.99999
0.99999
0.99999
0.99999
0.99999
0.99999
0.99999
0.99999
0.99999
0.99999
0.99999
0.99999
0.99999
0.99999
0.99999
0.99999
0.99999
0.99999
0.99999
0.99999
0.99999
0.99999
0.99999
0.99999
0.99999
0.99999
0.99999
0.99999
0.99999
0.99999
0.99999
0.99999
0.99999
0.99999
0.99999
0.99999
0.99999
0.99999
0.99999
0.99999
0.99999
0.99999
0.99999
0.99999
0.99999
0.99999
0.99999
0.99999
0.99999
0.99999
0.99999
0.99999
0.99999
0.99999
0.99999
0.99999
0.99999
0.99999
0.99999
0.99999
0.99999
0.99999
0.99999
0.99999
0.99999
0.99999
0.99999
0.99999
0.99999
0.99999
0.99999
0.99999
0.99999
0.99999
0.99999
0.99999
0.99999
0.99999
0.99999
0.99999
0.99999
0.99999
0.99999
0.99999
0.99999
0.99999
0.99999
0.99999
0.99999
0.99999
0.99999
0.99999
0.99999
0.99999
0.99999
0.99999
0.99999
0.99999
0.99999
0.99999
0.99999
0.99999
0.99999
0.99999
0.99999
0.99999
0.99999
0.99999
0.99999
0.99999
0.99999
0.99999
0.99999
0.99999
0.99999
0.99999
0.99999
0.99999
0.99999
0.99999
0.99999
0.99999
0.99999
0.99999
0.99999
0.99999
0.99999
0.99999
0.99999
0.99999
0.99999
0.99999
0.99999
0.99999
0.99999
0.99999
0.99999
0.99999
0.99999
0.99999
0.99999
0.99999
0.99999
0.99999
0.99999
0.99999
0.99999
0.99999
0.99999
0.99999
0.99999
0.99999
0.99999
0.99999
0.99999
0.99999
0.99999
0.99999
0.99999
0.99999
0.99999
0.99999
0.99999
0.99999
0.99999
0.99999
0.99999
0.99999
0.99999
0.99999
0.99999
0.99999
0.99999
0.99999
0.99999
0.99999
0.99999
0.99999
0.99999
0.99999
0.99999
0.99999
0.99999
0.99999
0.99999
0.99999
0.99999
0.99999
0.99999
0.99999
0.99999
0.99999
0.99999
0.99999
0.99999
0.99999
0.99999
0.99999
0.99999
0.99999
0.99999
0.99999
0.99999
0.99999
0.99999
0.99999
0.99999
0.99999
0.99999
0.99999
0.99999
0.99999
0.99999
0.99999
0.99999
0.99999
0.99999
0.99999
0.99999
0.99999
0.99999
0.99999
0.99999
0.99999
0.99999
0.99999
0.99999
0.99999
0.99999
0.99999
0.99999
0.99999
0.99999
0.99999
0.99999
0.99999
0.99999
0.99999
0.99999
0.99999
0.99999
0.99999
0.99999
0.99999
0.99999
0.99999
0.99999
0.99999
0.99999
0.99999
0.99999
0.99999
0.99999
0.99999
0.99999
0.99999
0.99999
0.99999
0.99999
0.99999
0.99999
0.99999
0.99999
0.99999
0.99999
0.99999
0.99999
0.99999
0.99999
0.99999
0.99999
0.99999
0.99999
0.99999
0.99999
0.99999
0.99999
0.99999
0.99999
0.99999
0.99999
0.99999
0.99999
0.99999
0.99999
0.99999
0.99999
0.99999
0.99999
0.99999
0.99999
0.99999
0.99999
0.99999
0.99999
0.99999
0.99999
0.99999
0.99999
0.99999
0.99999
0.99999
0.99999
0.99999
0.99999
0.99999
0.99999
0.99999
0.99999
0.99999
0.99999
0.99999
0.99999
0.99999
0.99999
0.99999
0.99999
0.99999
0.99999
0.99999
0.99999
0.99999
0.99999
0.99999
0.99999
0.99999
0.99999
0.99999
0.99999
0.99999
0.99999
0.99999
0.99999
0.99999
0.99999
0.99999
0.99999
0.99999
0.99999
0.99999
0.99999
0.99999
0.99999
0.99999
0.99999
0.99999
0.99999
0.99999
0.99999
0.99999
0.99999
0.99999
0.99999
0.99999
0.99999
0.99999
0.99999
0.99999
0.99999
0.99999
0.99999
0.99999
0.99999
0.99999
0.99999
0.99999
0.99999
0.99999
0.99999
0.99999
0.99999
0.99999
0.99999
0.99999
0.99999
0.99999
0.99999
0.99999
0.99999
0.99999
0.99999
0.99999
0.99999
0.99999
0.99999
0.99999
0.99999
0.99999
0.99999
0.99999
0.99999
0.99999
0.99999
0.99999
0.99999
0.99999
0.99999
0.99999
0.99999
0.99999
0.99999
0.99999
0.99999
0.99999
0.99999
0.99999
0.99999
0.99999
0.99999
0.99999
0.99999
0.99999
0.99999
0.99999
0.99999
0.99999
0.99999
0.99999
0.99999
0.99999
0.99999
0.99999
0.99999
0.99999
0.99999
0.99999
0.99999
0.99999
0.99999
0.99999
0.99999
0.99999
0.99999
0.99999
0.99999
0.99999
0.99999
0.99999
0.99999
0.99999
0.99999
0.99999
0.99999
0.99999
0.99999
0.99999
0.99999
0.99999
0.99999
0.99999
0.99999
0.99999
0.99999
0.99999
0.99999
0.99999
0.99999
0.99999
0.99999
0.99999
0.99999
0.99999
0.99999
0.99999
0.99999
0.99999
0.99999
0.99999
0.99999
0.99999
0.99999
0.99999
0.99999
0.99999
0.99999
0.99999
0.99999
0.99999
0.99999
0.99999
0.99999
0.99999
0.99999
0.99999
0.99999
0.99999
0.99999
0.99999
0.99999
0.99999
0.99999
0.99999
0.99999
0.99999
0.99999
0.99999
0.99999
0.99999
0.99999
0.99999
0.99999
0.99999
0.99999
0.99999
0.99999
0.99999
0.99999
0.99999
0.99999
0.99999
0.99999
0.99999
0.99999
0.99999
0.99999
0.99999
0.99999
0.99999
0.99999
0.99999
0.99999
0.99999
0.99999
0.99999
0.99999
0.99999
0.99999
0.99999
0.99999
0.99999
0.99999
0.99999
0.99999
0.99999
0.99999
0.99999
0.99999
0.99999
0.99999
0.99999
0.99999
0.99999
0.99999
0.99999
0.99999
0.99999
0.99999
0.99999
0.99999
0.99999
0.99999
0.99999
0.99999
0.99999
0.99999
0.99999
0.99999
0.99999
0.99999
0.99999
0.99999
0.99999
0.99999
0.99999
0.99999
0.99999
0.99999
0.99999
0.99999
0.99999
0.99999
0.99999
0.99999
0.99999
0.99999
0.99999
0.99999
0.99999
0.99999
0.99999
0.99999
0.99999
0.99999
0.99999
0.99999
0.99999
0.99999
0.99999
0.99999
0.99999
0.99999
0.99999
0.99999
0.99999
0.99999
0.99999
0.99999
0.99999
0.99999
0.99999
0.99999
0.99999
0.99999
0.99999
0.99999
0.99999
0.99999
0.99999
0.99999
0.99999
0.99999
0.99999
1
1
1
1
1
1
1
1
1
1
1
1
1
1
1
1
1
1
1
1
1
1
1
1
1
1
1
1
1
1
1
1
1
1
1
1
1
1
1
1
1
1
1
1
1
1
1
1
1
1
1
1
1
1
1
1
1
1
1
1
1
1
1
1
1
1
1
1
1
1
1
1
1
1
1
1
1
1
1
1
1
1
1
1
1
1
1
1
1
1
1
1
1
1
1
1
1
1
1
1
1
1
1
1
1
1
1
1
1
1
1
1
1
1
1
1
1
1
1
1
1
1
1
1
1
1
1
1
1
1
1
1
1
1
1
1
1
1
1
1
1
1
1
1
1
1
1
1
1
1
1
1
1
1
1
1
1
1
1
1
1
1
1
1
1
1
1
1
1
1
1
1
1
1
1
1
1
1
1
1
1
1
1
1
1
1
1
1
1
1
1
1
1
1
1
1
1
1
1
1
1
1
1
1
1
1
1
1
1
1
1
1
1
1
1
1
1
1
1
1
1
1
1
1
1
1
1
1
1
1
1
1
1
1
1
1
1
1
1
1
1
1
1
1
1
1
1
1
1
1
1
1
1
1
1
1
1
1
1
1
1
1
1
1
1
1
1
1
1
1
1
1
1
1
1
1
1
1
1
1
1
1
1
1
1
1
1
1
1
1
1
1
1
1
1
1
1
1
1
1
1
1
1
1
1
1
1
1
1
1
1
1
1
1
1
1
1
1
1
1
1
1
1
1
1
1
1
1
1
1
1
1
1
1
1
1
1
1
1
1
1
1
1
1
1
1
1
1
1
1
1
1
1
1
1
1
1
1
1
1
1
1
1
1
1
1
1
1
1
1
1
1
1
1
1
1
1
1
1
1
1
1
1
1
1
1
1
1
1
1
1
1
1
1
1
1
1
1
1
1
1
1
1
1
1
1
1
1
1
1
1
1
1
1
1
1
1
1
1
1
1
1
1
1
1
1
1
1
1
1
1
1
1
1
1
1
1
1
1
1
1
1
1
1
1
1
1
1
1
1
1
1
1
1
1
1
1
1
1
1
1
1
1
1
1
1
1
1
1
1
1
1
1
1
1
1
1
1
1
1
1
1
1
1
1
1
1
1
1
1
1
1
1
1
1
1
1
1
1
1
1
1
1
1
1
1
1
1
1
1
1
1
1
1
1
1
1
1
1
1
1
1
1
1
1
1
1
1
1
1
1
1
1
1
1
1
1
1
1
1
1
1
1
1
1
1
1
1
1
1
1
1
1
1
1
1
1
1
1
1
1
1
1
1
1
1
1
1
1
1
1
1
1
1
1
1
1
1
1
1
1
1
1
1
1
1
1
1
1
1
1
1
1
1
1
1
1
1
1
1
1
1
1
1
1
1
1
1
1
1
1
1
1
1
1
1
1
1
1
1
1
1
1
1
1
1
1
1
1
1
1
1
1
1
1
1
1
1
1
1
1
1
1
1
1
1
1
1
1
1
1
1
1
1
1
1
1
1
1
1
1
1
1
1
1
1
1
1
1
1
1
1
1
1
1
1
1
1
1
1
1
1
1
1
1
1
1
1
1
1
1
1
1
1
1
1
1
1
1
1
1
1
1
1
1
1
1
1
1
1
1
1
1
1
1
1
1
1
1
1
1
1
1
1
1
1
1
1
1
1
1
1
1
1
1
1
1
1
1
1
1
1
1
1
1
1
1
1
1
1
1
1
1
1
1
1
1
1
1
1
1
1
1
1
1
1
1
1
1
1
1
1
1
1
1
1
1
1
1
1
1
1
1
1
1
1
1
1
1
1
1
1
1
1
1
1
1
1
1
1
1
1
1
1
1
1
1
1
1
1
1
1
1
1
1
1
1
1
1
1
1
1
1
1
1
1
1
1
1
1
1
1
1
1
1
1
1
1
1
1
1
1
1
1
1
1
1
1
1
1
1
1
1
1
1
1
1
1
1
1
1
1
1
1
1
1
1
1
1
1
1
1
1
1
1
1
1
1
1
1
1
1
1
1
1
1
1
1
1
1
1
1
1
1
1
1
1
1
1
1
1
1
1
1
1
1
1
1
1
1
1
1
1
1
1
1
1
1
1
1
1
1
1
1
1
1
1
1
1
1
1
1
1
1
1
1
1
1
1
1
1
1
1
1
1
1
1
1
1
1
1
1
1
1
1
1
1
1
1
1
1
1
1
1
1
1
1
1
1
1
1
1
1
1
1
1
1
1
1
1
1
1
1
1
1
1
1
1
1
1
1
1
1
1
1
1
1
1
1
1
1
1
1
1
1
1
1
1
1
1
1
1
1
1
1
1
1
1
1
1
1
1
1
1
1
1
1
1
1
1
1
1
1
1
1
1
1
1
1
1
1
1
1
1
1
1
1
1
1
1
1
1
1
1
1
1
1
1
1
1
1
1
1
1
1
1
1
1
1
1
1
1
1
1
1
1
1
1
1
1
1
1
1
1
1
1
1
1
1
1
1
1
1
1
1
1
1
1
1
1
1
1
1
1
1
1
1
1
1
1
1
1
1
1
1
1
1
1
1
1
1
1
1
1
1
1
1
1
1
1
1
1
1
1
1
1
1
1
1
1
1
1
1
1
1
1
1
1
1
1
1
1
1
1
1
1
1
1
1
1
1
1
1
1
1
1
1
1
1
1
1
1
1
1
1
1
1
1
1
1
1
1
1
1
1
1
1
1
1
1
1
1
1
1
1
1
1
1
1
1
1
1
1
1
1
1
1
1
1
1
1
1
1
1
1
1
1
1
1
1
1
1
1
1
1
1
1
1
1
1
1
1
1
1
1
1
1
1
1
1
1
1
1
1
1
1
1
1
1
1
1
1
1
1
1
1
1
1
1
1
1
1
1
1
1
1
1
1
1
1
1
1
1
1
1
1
1
1
1
1
1
1
1
1
1
1
1
1
1
1
1
1
1
1
1
1
1
1
1
1
1
1
1
1
1
1
1
1
1
1
1
1
1
1
1
1
1
1
1
1
1
1
1
1
1
1
1
1
1
1
1
1
1
1
1
1
1
1
1
1
1
1
1
1
1
1
1
1
1
1
1
1
1
1
1
1
1
1
1
1
1
1
1
1
1
1
1
1
1
1
1
1
1
1
1
1
1
1
1
1
1
1
1
1
1
1
1
1
1
1
1
1
1
1
1
1
1
1
1
1
1
1
1
1
1
1
1
1
1
1
1
1
1
1
1
1
1
1
1
1
1
1
1
1
1
1
1
1
1
1
1
1
1
1
1
1
1
1
1
1
1
1
1
1
1
1
1
1
1
1
1
1
1
1
1
1
1
1
1
1
1
1
1
1
1
1
1
1
1
1
1
1
1
1
1
1
1
1
1
1
1
1
1
1
1
1
1
1
1
1
1
1
1
1
1
1
1
1
1
1
1
1
1
1
1
1
1
1
1
1
1
1
1
1
1
1
1
1
1
1
1
1
1
1
1
1
1
1
1
1
1
1
1
1
1
1
1
1
1
1
1
1
1
1
1
1
1
1
1
1
1
1
1
1
1
1
1
1
1
1
1
1
1
1
1
1
1
1
1
1
1
1
1
1
1
1
1
1
1
1
1
1
1
1
1
1
1
1
1
1
1
1
1
1
1
1
1
1
1
1
1
1
1
1
1
1
1
1
1
1
1
1
1
1
1
1
1
1
1
1
1
1
1
1
1
1
1
1
1
1
1
1
1
1
1
1
1
1
1
1
1
1
1
1
1
1
1
1
1
1
1
1
1
1
1
1
1
1
1
1
1
1
1
1
1
1
1
1
1
1
1
1
1
1
1
1
1
1
1
1
1
1
1
1
1
1
1
1
1
1
1
1
1
1
1
1
1
1
1
1
1
1
1
1
1
1
1
1
1
1
1
1
1
1
1
1
1
1
1
1
1
1
1
1
1
1
1
1
1
1
1
1
1
1
1
1
1
1
1
1
1
1
1
1
1
1
1
1
1
1
1
1
1
1
1
1
1
1
1
1
1
1
1
1
1
1
1
1
1
1
1
1
1
1
1
1
1
1
1
1
1
1
1
1
1
1
1
1
1
1
1
1
1
1
1
1
1
1
1
1
1
1
1
1
1
1
1
1
1
1
1
1
1
1
1
1
1
1
1
1
1
1
1
1
1
1
1
1
1
1
1
1
1
1
1
1
1
1
1
1
1
1
1
1
1
1
1
1
1
1
1
1
1
1
1
1
1
1
1
1
1
1
1
1
1
1
1
1
1
1
1
1
1
1
1
1
1
1
1
1
1
1
1
1
1
1
1
1
1
1
1
1
1
1
1
1
1
1
1
1
1
1
1
1
1
1
1
1
1
1
1
1
1
1
1
1
1
1
1
1
1
1
1
1
1
1
1
1
1
1
1
1
1
1
1
1
1
1
1
1
1
1
1
1
1
1
1
1
1
1
1
1
1
1
1
1
1
1
1
1
1
1
1
1
1
1
1
1
1
1
1
1
1
1
1
1
1
1
1
1
1
1
1
1
1
1
1
1
1
1
1
1
1
1
1
1
1
1
1
1
1
1
1
1
1
1
1
1
1
1
1
1
1
1
1
1
1
1
1
1
1
1
1
1
1
1
1
1
1
1
1
1
1
1
1
1
1
1
1
1
1
1
1
1
1
1
1
1
1
1
1
1
1
1
1
1
1
1
1
1
1
1
1
1
1
1
1
1
1
1
1
1
1
1
1
1
1
1
1
1
1
1
1
1
1
1
1
1
1
1
1
1
1
1
1
1
1
1
1
1
1
1
1
1
1
1
1
1
1
1
1
1
1
1
1
1
1
1
1
1
1
1
1
1
1
1
1
1
1
1
1
1
1
1
1
1
1
1
1
1
1
1
1
1
1
1
1
1
1
1
1
1
1
1
1
1
1
1
1
1
1
1
1
1
1
1
1
1
1
1
1
1
1
1
1
1
1
1
1
1
1
1
1
1
1
1
1
1
1
1
1
1
1
1
1
1
1
1
1
1
1
1
1
1
1
1
1
1
1
1
1
1
1
1
1
1
1
1
1
1
1
1
1
1
1
1
1
1
1
1
1
1
1
1
1
1
1
1
1
1
1
1
1
1
1
1
1
1
1
1
1
1
1
1
1
1
1
1
1
1
1
1
1
1
1
1
1
1
1
1
1
1
1
1
1
1
1
1
1
1
1
1
1
1
1
1
1
1
1
1
1
1
1
1
1
1
1
1
1
1
1
1
1
1
1
1
1
1
1
1
1
1
1
1
1
1
1
1
1
1
1
1
1
1
1
1
1
1
1
1
1
1
1
1
1
1
1
1
1
1
1
1
1
1
1
1
1
1
1
1
1
1
1
1
1
1
1
1
1
1
1
1
1
1
1
1
1
1
1
1
1
1
1
1
1
1
1
1
1
1
1
1
1
1
1
1
1
1
1
1
1
1
1
1
1
1
1
1
1
1
1
1
1
1
1
1
1
1
1
1
1
1
1
1
1
1
1
1
1
1
1
1
1
1
1
1
1
1
1
1
1
1
1
1
1
1
1
1
1
1
1
1
1
1
1
1
1
1
1
1
1
1
1
1
1
1
1
1
1
1
1
1
1
1
1
1
1
1
1
1
1
1
1
1
1
1
1
1
1
1
1
1
1
1
1
1
1
1
1
1
1
1
1
1
1
1
1
1
1
1
1
1
1
1
1
1
1
1
1
1
1
1
1
1
1
1
1
1
1
1
1
1
1
1
1
1
1
1
1
1
1
1
1
1
1
1
1
1
1
1
1
1
1
1
1
1
1
1
1
1
1
1
1
1
1
1
1
1
1
1
1
1
1
1
1
1
1
1
1
1
1
1
1
1
1
1
1
1
1
1
1
1
1
1
1
1
1
1
1
1
1
1
1
1
1
1
1
1
1
1
1
1
1
1
1
1
1
1
1
1
1
1
1
1
1
1
1
1
1
1
1
1
1
1
1
1
1
1
1
1
1
1
1
1
1
1
1
1
1
1
1
1
1
1
1
1
1
1
1
1
1
1
1
1
1
1
1
1
1
1
1
1
1
1
1
1
1
1
1
1
1
1
1
1
1
1
1
1
1
1
1
1
1
1
1
1
1
1
1
1
1
1
1
1
1
1
1
1
1
1
1
1
1
1
1
1
1
1
1
1
1
1
1
1
1
1
1
1
1
1
1
1
1
1
1
1
1
1
1
1
1
1
1
1
1
1
1
1
1
1
1
1
1
1
1
1
1
1
1
1
1
1
1
1
1
1
1
1
1
1
1
1
1
1
1
1
1
1
1
1
1
1
1
1
1
1
1
1
1
1
1
1
1
1
1
1
1
1
1
1
1
1
1
1
1
1
1
1
1
1
1
1
1
1
1
1
1
1
1
1
1
1
1
1
1
1
1
1
1
1
1
1
1
1
1
1
1
1
1
1
1
1
1
1
1
1
1
1
1
1
1
1
1
1
1
1
1
1
1
1
1
1
1
1
1
1
1
1
1
1
1
1
1
1
1
1
1
1
1
1
1
1
1
1
1
1
1
1
1
1
1
1
1
1
1
1
1
1
1
1
1
1
1
1
1
1
1
1
1
1
1
1
1
1
1
1
1
1
1
1
1
1
1
1
1
1
1
1
1
1
1
1
1
1
1
1
1
1
1
1
1
1
1
1
1
1
1
1
1
1
1
1
1
1
1
1
1
1
1
1
1
1
1
1
1
1
1
1
1
1
1
1
1
1
1
1
1
1
1
1
1
1
1
1
1
1
1
1
1
1
1
1
1
1
1
1
1
1
1
1
1
1
1
1
1
1
1
1
1
1
1
1
1
1
1
1
1
1
1
1
1
1
1
1
1
1
1
1
1
1
1
1
1
1
1
1
1
1
1
1
1
1
1
1
1
1
1
1
1
1
1
1
1
1
1
1
1
1
1
1
1
1
1
1
1
1
1
1
1
1
1
1
1
1
1
1
1
1
1
1
1
1
1
1
1
1
1
1
1
1
1
1
1
1
1
1
1
1
1
1
1
1
1
1
1
1
1
1
1
1
1
1
1
1
1
1
1
1
1
1
1
1
1
1
1
1
1
1
1
1
1
1
1
1
1
1
1
1
1
1
1
1
1
1
1
1
1
1
1
1
1
1
1
1
1
1
1
1
1
1
1
1
1
1
1
1
1
1
1
1
1
1
1
1
1
1
1
1
1
1
1
1
1
1
1
1
1
1
1
1
1
1
1
1
1
1
1
1
1
1
1
1
1
1
1
1
1
1
1
1
1
1
1
1
1
1
1
1
1
1
1
1
1
1
1
1
1
1
1
1
1
1
1
1
1
1
1
1
1
1
1
1
1
1
1
1
1
1
1
1
1
1
1
1
1
1
1
1
1
1
1
1
1
1
1
1
