0.7135
0.71407
0.71466
0.71524
0.71583
0.71641
0.71699
0.71757
0.71815
0.71873
0.71931
0.71989
0.72047
0.72104
0.72162
0.72219
0.72277
0.72334
0.72391
0.72448
0.72505
0.72562
0.72619
0.72676
0.72733
0.72789
0.72846
0.72902
0.72958
0.73015
0.73071
0.73127
0.73183
0.73239
0.73294
0.7335
0.73406
0.73461
0.73517
0.73572
0.73627
0.73682
0.73738
0.73793
0.73847
0.73902
0.73957
0.74012
0.74066
0.74121
0.74175
0.74229
0.74283
0.74337
0.74391
0.74445
0.74499
0.74553
0.74606
0.7466
0.74713
0.74767
0.7482
0.74873
0.74926
0.74979
0.75032
0.75085
0.75138
0.75191
0.75243
0.75296
0.75348
0.754
0.75452
0.75505
0.75557
0.75608
0.7566
0.75712
0.75764
0.75815
0.75867
0.75918
0.75969
0.76021
0.76072
0.76123
0.76174
0.76225
0.76275
0.76326
0.76377
0.76427
0.76478
0.76528
0.76578
0.76628
0.76678
0.76728
0.76778
0.76828
0.76878
0.76927
0.76977
0.77026
0.77075
0.77125
0.77174
0.77223
0.77272
0.77321
0.7737
0.77418
0.77467
0.77515
0.77564
0.77612
0.77661
0.77709
0.77757
0.77805
0.77853
0.77901
0.77948
0.77996
0.78043
0.78091
0.78138
0.78186
0.78233
0.7828
0.78327
0.78374
0.78421
0.78467
0.78514
0.78561
0.78607
0.78654
0.787
0.78746
0.78792
0.78838
0.78884
0.7893
0.78976
0.79022
0.79067
0.79113
0.79158
0.79204
0.79249
0.79294
0.79339
0.79384
0.79429
0.79474
0.79519
0.79563
0.79608
0.79652
0.79697
0.79741
0.79785
0.79829
0.79873
0.79917
0.79961
0.80005
0.80049
0.80092
0.80136
0.80179
0.80223
0.80266
0.80309
0.80352
0.80395
0.80438
0.80481
0.80524
0.80567
0.80609
0.80652
0.80694
0.80736
0.80779
0.80821
0.80863
0.80905
0.80947
0.80989
0.8103
0.81072
0.81114
0.81155
0.81197
0.81238
0.81279
0.8132
0.81361
0.81402
0.81443
0.81484
0.81525
0.81565
0.81606
0.81647
0.81687
0.81727
0.81768
0.81808
0.81848
0.81888
0.81928
0.81968
0.82007
0.82047
0.82087
0.82126
0.82165
0.82205
0.82244
0.82283
0.82322
0.82361
0.824
0.82439
0.82478
0.82517
0.82555
0.82594
0.82632
0.82671
0.82709
0.82747
0.82785
0.82823
0.82861
0.82899
0.82937
0.82975
0.83012
0.8305
0.83087
0.83125
0.83162
0.83199
0.83236
0.83274
0.83311
0.83347
0.83384
0.83421
0.83458
0.83494
0.83531
0.83567
0.83604
0.8364
0.83676
0.83713
0.83749
0.83785
0.83821
0.83856
0.83892
0.83928
0.83963
0.83999
0.84034
0.8407
0.84105
0.8414
0.84176
0.84211
0.84246
0.84281
0.84315
0.8435
0.84385
0.84419
0.84454
0.84489
0.84523
0.84557
0.84592
0.84626
0.8466
0.84694
0.84728
0.84762
0.84795
0.84829
0.84863
0.84896
0.8493
0.84963
0.84997
0.8503
0.85063
0.85096
0.85129
0.85162
0.85195
0.85228
0.85261
0.85294
0.85326
0.85359
0.85391
0.85424
0.85456
0.85488
0.85521
0.85553
0.85585
0.85617
0.85649
0.85681
0.85712
0.85744
0.85776
0.85807
0.85839
0.8587
0.85902
0.85933
0.85964
0.85995
0.86026
0.86057
0.86088
0.86119
0.8615
0.86181
0.86211
0.86242
0.86272
0.86303
0.86333
0.86364
0.86394
0.86424
0.86454
0.86484
0.86514
0.86544
0.86574
0.86604
0.86633
0.86663
0.86693
0.86722
0.86752
0.86781
0.8681
0.86839
0.86869
0.86898
0.86927
0.86956
0.86985
0.87014
0.87042
0.87071
0.871
0.87128
0.87157
0.87185
0.87214
0.87242
0.8727
0.87298
0.87327
0.87355
0.87383
0.87411
0.87438
0.87466
0.87494
0.87522
0.87549
0.87577
0.87604
0.87632
0.87659
0.87686
0.87714
0.87741
0.87768
0.87795
0.87822
0.87849
0.87876
0.87903
0.87929
0.87956
0.87983
0.88009
0.88036
0.88062
0.88089
0.88115
0.88141
0.88167
0.88194
0.8822
0.88246
0.88272
0.88297
0.88323
0.88349
0.88375
0.884
0.88426
0.88452
0.88477
0.88502
0.88528
0.88553
0.88578
0.88604
0.88629
0.88654
0.88679
0.88704
0.88729
0.88753
0.88778
0.88803
0.88828
0.88852
0.88877
0.88901
0.88926
0.8895
0.88974
0.88999
0.89023
0.89047
0.89071
0.89095
0.89119
0.89143
0.89167
0.89191
0.89215
0.89238
0.89262
0.89286
0.89309
0.89333
0.89356
0.89379
0.89403
0.89426
0.89449
0.89472
0.89495
0.89518
0.89541
0.89564
0.89587
0.8961
0.89633
0.89656
0.89678
0.89701
0.89723
0.89746
0.89768
0.89791
0.89813
0.89835
0.89858
0.8988
0.89902
0.89924
0.89946
0.89968
0.8999
0.90012
0.90034
0.90056
0.90077
0.90099
0.90121
0.90142
0.90164
0.90185
0.90207
0.90228
0.90249
0.90271
0.90292
0.90313
0.90334
0.90355
0.90376
0.90397
0.90418
0.90439
0.9046
0.90481
0.90501
0.90522
0.90543
0.90563
0.90584
0.90604
0.90625
0.90645
0.90666
0.90686
0.90706
0.90726
0.90746
0.90767
0.90787
0.90807
0.90827
0.90846
0.90866
0.90886
0.90906
0.90926
0.90945
0.90965
0.90985
0.91004
0.91024
0.91043
0.91062
0.91082
0.91101
0.9112
0.9114
0.91159
0.91178
0.91196
0.91216
0.91235
0.91254
0.91273
0.91292
0.91311
0.91329
0.91348
0.91367
0.91385
0.91404
0.91422
0.91441
0.91459
0.91478
0.91496
0.91515
0.91533
0.91551
0.91569
0.91587
0.91606
0.91624
0.91642
0.9166
0.91678
0.91695
0.91713
0.9173
0.91749
0.91767
0.91784
0.91802
0.91819
0.91837
0.91855
0.91872
0.91889
0.91907
0.91924
0.91942
0.91959
0.91976
0.91993
0.9201
0.92027
0.92045
0.92062
0.92079
0.92095
0.92112
0.92129
0.92146
0.92163
0.9218
0.92196
0.92213
0.9223
0.92246
0.92263
0.92279
0.92296
0.92312
0.92329
0.92345
0.92361
0.92377
0.92394
0.9241
0.92426
0.92442
0.92458
0.92474
0.9249
0.92506
0.92522
0.92538
0.92554
0.9257
0.92585
0.92601
0.92617
0.92633
0.92648
0.92664
0.92679
0.92695
0.9271
0.92726
0.92741
0.92757
0.92772
0.92787
0.92802
0.92818
0.92833
0.92847
0.92863
0.92878
0.92893
0.92908
0.92923
0.92938
0.92953
0.92968
0.92983
0.92998
0.93012
0.93027
0.93042
0.93056
0.93071
0.93086
0.931
0.93115
0.93129
0.93144
0.93158
0.93172
0.93187
0.932
0.93215
0.9323
0.93244
0.93257
0.93272
0.93286
0.933
0.93314
0.93328
0.93342
0.93356
0.93369
0.93384
0.93398
0.93412
0.93425
0.93439
0.93453
0.93467
0.93479
0.93494
0.93507
0.93521
0.93534
0.93548
0.93561
0.93575
0.93588
0.93602
0.93615
0.93628
0.93641
0.93655
0.93668
0.93681
0.93694
0.93707
0.9372
0.93733
0.93746
0.93759
0.93772
0.93785
0.93798
0.93811
0.93824
0.93837
0.93849
0.93862
0.93875
0.93888
0.939
0.93913
0.93925
0.93938
0.93951
0.93963
0.93975
0.93988
0.94
0.94013
0.94025
0.94037
0.9405
0.94062
0.94074
0.94086
0.94099
0.94111
0.94123
0.94135
0.94147
0.94159
0.94171
0.94183
0.94195
0.94207
0.94219
0.94231
0.94243
0.94254
0.94266
0.94278
0.9429
0.94301
0.94313
0.94325
0.94336
0.94348
0.94359
0.94371
0.94382
0.94394
0.94405
0.94417
0.94428
0.9444
0.94451
0.94462
0.94474
0.94485
0.94496
0.94507
0.94518
0.9453
0.94541
0.94552
0.94563
0.94574
0.94585
0.94596
0.94607
0.94618
0.94629
0.9464
0.94651
0.94662
0.94672
0.94683
0.94694
0.94705
0.94715
0.94726
0.94737
0.94747
0.94758
0.94769
0.94779
0.9479
0.948
0.94811
0.94821
0.94832
0.94842
0.94853
0.94863
0.94873
0.94884
0.94894
0.94904
0.94914
0.94925
0.94935
0.94945
0.94955
0.94965
0.94976
0.94986
0.94996
0.95006
0.95016
0.95026
0.95036
0.95046
0.95056
0.95066
0.95075
0.95085
0.95095
0.95105
0.95115
0.95124
0.95134
0.95144
0.95154
0.95163
0.95173
0.95183
0.95192
0.95202
0.95211
0.95221
0.9523
0.9524
0.95249
0.95259
0.95268
0.95278
0.95287
0.95296
0.95306
0.95315
0.95324
0.95334
0.95343
0.95352
0.95361
0.95371
0.9538
0.95389
0.95398
0.95407
0.95416
0.95425
0.95434
0.95443
0.95452
0.95461
0.9547
0.95479
0.95488
0.95497
0.95506
0.95515
0.95524
0.95532
0.95541
0.9555
0.95559
0.95568
0.95576
0.95585
0.95594
0.95602
0.95611
0.9562
0.95628
0.95637
0.95645
0.95654
0.95662
0.95671
0.95679
0.95688
0.95696
0.95705
0.95713
0.95721
0.9573
0.95738
0.95746
0.95755
0.95763
0.95771
0.9578
0.95788
0.95796
0.95804
0.95812
0.95821
0.95829
0.95837
0.95845
0.95853
0.95861
0.95869
0.95877
0.95885
0.95893
0.95901
0.95909
0.95917
0.95925
0.95933
0.95941
0.95948
0.95956
0.95964
0.95972
0.9598
0.95988
0.95995
0.96003
0.96011
0.96018
0.96026
0.96034
0.96041
0.96049
0.96057
0.96064
0.96072
0.96079
0.96087
0.96094
0.96102
0.96109
0.96117
0.96124
0.96132
0.96139
0.96147
0.96154
0.96161
0.96169
0.96176
0.96183
0.96191
0.96198
0.96205
0.96213
0.9622
0.96227
0.96234
0.96241
0.96249
0.96256
0.96263
0.9627
0.96277
0.96284
0.96291
0.96298
0.96305
0.96313
0.9632
0.96327
0.96334
0.9634
0.96347
0.96354
0.96361
0.96368
0.96375
0.96382
0.96389
0.96396
0.96402
0.96409
0.96416
0.96423
0.9643
0.96436
0.96443
0.9645
0.96457
0.96463
0.9647
0.96477
0.96483
0.9649
0.96496
0.96503
0.9651
0.96516
0.96523
0.96529
0.96536
0.96542
0.96549
0.96555
0.96562
0.96568
0.96575
0.96581
0.96588
0.96594
0.966
0.96607
0.96613
0.96619
0.96626
0.96632
0.96638
0.96645
0.96651
0.96657
0.96663
0.9667
0.96676
0.96682
0.96688
0.96694
0.96701
0.96707
0.96713
0.96719
0.96725
0.96731
0.96737
0.96743
0.96749
0.96755
0.96761
0.96767
0.96773
0.96779
0.96785
0.96791
0.96797
0.96803
0.96809
0.96815
0.96821
0.96827
0.96833
0.96838
0.96844
0.9685
0.96856
0.96862
0.96868
0.96873
0.96879
0.96885
0.96891
0.96896
0.96902
0.96908
0.96913
0.96919
0.96925
0.9693
0.96936
0.96942
0.96947
0.96953
0.96958
0.96964
0.9697
0.96975
0.96981
0.96986
0.96992
0.96997
0.97003
0.97008
0.97014
0.97019
0.97024
0.9703
0.97035
0.97041
0.97046
0.97052
0.97057
0.97062
0.97068
0.97073
0.97078
0.97084
0.97089
0.97094
0.97099
0.97105
0.9711
0.97115
0.9712
0.97126
0.97131
0.97136
0.97141
0.97146
0.97152
0.97157
0.97162
0.97167
0.97172
0.97177
0.97182
0.97187
0.97192
0.97197
0.97203
0.97208
0.97213
0.97218
0.97223
0.97228
0.97233
0.97238
0.97243
0.97247
0.97252
0.97257
0.97262
0.97267
0.97272
0.97277
0.97282
0.97287
0.97292
0.97296
0.97301
0.97306
0.97311
0.97316
0.97321
0.97325
0.9733
0.97335
0.9734
0.97344
0.97349
0.97354
0.97358
0.97363
0.97368
0.97373
0.97377
0.97382
0.97387
0.97391
0.97396
0.974
0.97405
0.9741
0.97414
0.97419
0.97423
0.97428
0.97433
0.97437
0.97442
0.97446
0.97451
0.97455
0.9746
0.97464
0.97469
0.97473
0.97478
0.97482
0.97486
0.97491
0.97495
0.975
0.97504
0.97508
0.97513
0.97517
0.97522
0.97526
0.9753
0.97535
0.97539
0.97543
0.97548
0.97552
0.97556
0.9756
0.97565
0.97569
0.97573
0.97577
0.97582
0.97586
0.9759
0.97594
0.97598
0.97603
0.97607
0.97611
0.97615
0.97619
0.97623
0.97628
0.97632
0.97636
0.9764
0.97644
0.97648
0.97652
0.97656
0.9766
0.97664
0.97669
0.97673
0.97677
0.97681
0.97685
0.97689
0.97693
0.97697
0.97701
0.97705
0.97709
0.97712
0.97716
0.9772
0.97724
0.97728
0.97732
0.97736
0.9774
0.97744
0.97748
0.97752
0.97755
0.97759
0.97763
0.97767
0.97771
0.97775
0.97778
0.97782
0.97786
0.9779
0.97794
0.97797
0.97801
0.97805
0.97809
0.97812
0.97816
0.9782
0.97824
0.97827
0.97831
0.97835
0.97838
0.97842
0.97846
0.9785
0.97853
0.97857
0.9786
0.97864
0.97868
0.97871
0.97875
0.97879
0.97882
0.97886
0.97889
0.97893
0.97897
0.979
0.97904
0.97907
0.97911
0.97914
0.97918
0.97921
0.97925
0.97928
0.97932
0.97935
0.97939
0.97942
0.97946
0.97949
0.97953
0.97956
0.9796
0.97963
0.97966
0.9797
0.97973
0.97977
0.9798
0.97983
0.97987
0.9799
0.97994
0.97997
0.98
0.98004
0.98007
0.9801
0.98014
0.98017
0.9802
0.98024
0.98027
0.9803
0.98033
0.98037
0.9804
0.98043
0.98047
0.9805
0.98053
0.98056
0.9806
0.98063
0.98066
0.98069
0.98072
0.98076
0.98079
0.98082
0.98085
0.98088
0.98092
0.98095
0.98098
0.98101
0.98104
0.98107
0.9811
0.98114
0.98117
0.9812
0.98123
0.98126
0.98129
0.98132
0.98135
0.98138
0.98141
0.98144
0.98147
0.98151
0.98154
0.98157
0.9816
0.98163
0.98166
0.98169
0.98172
0.98175
0.98178
0.98181
0.98184
0.98187
0.9819
0.98193
0.98196
0.98198
0.98201
0.98204
0.98207
0.9821
0.98213
0.98216
0.98219
0.98222
0.98225
0.98228
0.98231
0.98233
0.98236
0.98239
0.98242
0.98245
0.98248
0.98251
0.98253
0.98256
0.98259
0.98262
0.98265
0.98268
0.9827
0.98273
0.98276
0.98279
0.98282
0.98284
0.98287
0.9829
0.98293
0.98295
0.98298
0.98301
0.98304
0.98306
0.98309
0.98312
0.98315
0.98317
0.9832
0.98323
0.98325
0.98328
0.98331
0.98333
0.98336
0.98339
0.98341
0.98344
0.98347
0.98349
0.98352
0.98355
0.98357
0.9836
0.98363
0.98365
0.98368
0.9837
0.98373
0.98376
0.98378
0.98381
0.98383
0.98386
0.98389
0.98391
0.98394
0.98396
0.98399
0.98401
0.98404
0.98406
0.98409
0.98411
0.98414
0.98417
0.98419
0.98422
0.98424
0.98427
0.98429
0.98431
0.98434
0.98436
0.98439
0.98441
0.98444
0.98446
0.98449
0.98451
0.98454
0.98456
0.98459
0.98461
0.98463
0.98466
0.98468
0.98471
0.98473
0.98475
0.98478
0.9848
0.98483
0.98485
0.98487
0.9849
0.98492
0.98494
0.98497
0.98499
0.98502
0.98504
0.98506
0.98509
0.98511
0.98513
0.98516
0.98518
0.9852
0.98523
0.98525
0.98527
0.98529
0.98532
0.98534
0.98536
0.98539
0.98541
0.98543
0.98545
0.98548
0.9855
0.98552
0.98554
0.98557
0.98559
0.98561
0.98563
0.98566
0.98568
0.9857
0.98572
0.98574
0.98577
0.98579
0.98581
0.98583
0.98585
0.98588
0.9859
0.98592
0.98594
0.98596
0.98598
0.98601
0.98603
0.98605
0.98607
0.98609
0.98611
0.98613
0.98616
0.98618
0.9862
0.98622
0.98624
0.98626
0.98628
0.9863
0.98632
0.98635
0.98637
0.98639
0.98641
0.98643
0.98645
0.98647
0.98649
0.98651
0.98653
0.98655
0.98657
0.98659
0.98661
0.98663
0.98666
0.98668
0.9867
0.98672
0.98674
0.98676
0.98678
0.9868
0.98682
0.98684
0.98686
0.98688
0.9869
0.98692
0.98694
0.98696
0.98698
0.987
0.98701
0.98703
0.98705
0.98707
0.98709
0.98711
0.98713
0.98715
0.98717
0.98719
0.98721
0.98723
0.98725
0.98727
0.98729
0.98731
0.98732
0.98734
0.98736
0.98738
0.9874
0.98742
0.98744
0.98746
0.98748
0.98749
0.98751
0.98753
0.98755
0.98757
0.98759
0.98761
0.98763
0.98764
0.98766
0.98768
0.9877
0.98772
0.98774
0.98775
0.98777
0.98779
0.98781
0.98783
0.98784
0.98786
0.98788
0.9879
0.98792
0.98793
0.98795
0.98797
0.98799
0.98801
0.98802
0.98804
0.98806
0.98808
0.98809
0.98811
0.98813
0.98815
0.98816
0.98818
0.9882
0.98822
0.98823
0.98825
0.98827
0.98829
0.9883
0.98832
0.98834
0.98836
0.98837
0.98839
0.98841
0.98842
0.98844
0.98846
0.98847
0.98849
0.98851
0.98853
0.98854
0.98856
0.98858
0.98859
0.98861
0.98863
0.98864
0.98866
0.98868
0.98869
0.98871
0.98873
0.98874
0.98876
0.98877
0.98879
0.98881
0.98882
0.98884
0.98886
0.98887
0.98889
0.9889
0.98892
0.98894
0.98895
0.98897
0.98898
0.989
0.98902
0.98903
0.98905
0.98906
0.98908
0.9891
0.98911
0.98913
0.98914
0.98916
0.98917
0.98919
0.98921
0.98922
0.98924
0.98925
0.98927
0.98928
0.9893
0.98931
0.98933
0.98934
0.98936
0.98938
0.98939
0.98941
0.98942
0.98944
0.98945
0.98947
0.98948
0.9895
0.98951
0.98953
0.98954
0.98956
0.98957
0.98959
0.9896
0.98962
0.98963
0.98965
0.98966
0.98968
0.98969
0.98971
0.98972
0.98973
0.98975
0.98976
0.98978
0.98979
0.98981
0.98982
0.98984
0.98985
0.98986
0.98988
0.98989
0.98991
0.98992
0.98994
0.98995
0.98997
0.98998
0.98999
0.99001
0.99002
0.99004
0.99005
0.99006
0.99008
0.99009
0.99011
0.99012
0.99013
0.99015
0.99016
0.99018
0.99019
0.9902
0.99022
0.99023
0.99024
0.99026
0.99027
0.99029
0.9903
0.99031
0.99033
0.99034
0.99035
0.99037
0.99038
0.99039
0.99041
0.99042
0.99043
0.99045
0.99046
0.99047
0.99049
0.9905
0.99051
0.99053
0.99054
0.99055
0.99057
0.99058
0.99059
0.99061
0.99062
0.99063
0.99065
0.99066
0.99067
0.99068
0.9907
0.99071
0.99072
0.99074
0.99075
0.99076
0.99077
0.99079
0.9908
0.99081
0.99083
0.99084
0.99085
0.99086
0.99088
0.99089
0.9909
0.99091
0.99093
0.99094
0.99095
0.99096
0.99098
0.99099
0.991
0.99101
0.99103
0.99104
0.99105
0.99106
0.99108
0.99109
0.9911
0.99111
0.99112
0.99114
0.99115
0.99116
0.99117
0.99118
0.9912
0.99121
0.99122
0.99123
0.99124
0.99126
0.99127
0.99128
0.99129
0.9913
0.99132
0.99133
0.99134
0.99135
0.99136
0.99138
0.99139
0.9914
0.99141
0.99142
0.99143
0.99145
0.99146
0.99147
0.99148
0.99149
0.9915
0.99151
0.99153
0.99154
0.99155
0.99156
0.99157
0.99158
0.99159
0.99161
0.99162
0.99163
0.99164
0.99165
0.99166
0.99167
0.99169
0.9917
0.99171
0.99172
0.99173
0.99174
0.99175
0.99176
0.99177
0.99179
0.9918
0.99181
0.99182
0.99183
0.99184
0.99185
0.99186
0.99187
0.99188
0.99189
0.99191
0.99192
0.99193
0.99194
0.99195
0.99196
0.99197
0.99198
0.99199
0.992
0.99201
0.99202
0.99203
0.99205
0.99206
0.99207
0.99208
0.99209
0.9921
0.99211
0.99212
0.99213
0.99214
0.99215
0.99216
0.99217
0.99218
0.99219
0.9922
0.99221
0.99222
0.99223
0.99224
0.99225
0.99226
0.99227
0.99228
0.99229
0.9923
0.99231
0.99232
0.99234
0.99235
0.99236
0.99237
0.99238
0.99239
0.9924
0.99241
0.99242
0.99243
0.99244
0.99245
0.99246
0.99247
0.99248
0.99248
0.99249
0.9925
0.99251
0.99252
0.99253
0.99254
0.99255
0.99256
0.99257
0.99258
0.99259
0.9926
0.99261
0.99262
0.99263
0.99264
0.99265
0.99266
0.99267
0.99268
0.99269
0.9927
0.99271
0.99272
0.99273
0.99274
0.99275
0.99275
0.99276
0.99277
0.99278
0.99279
0.9928
0.99281
0.99282
0.99283
0.99284
0.99285
0.99286
0.99287
0.99288
0.99289
0.99289
0.9929
0.99291
0.99292
0.99293
0.99294
0.99295
0.99296
0.99297
0.99298
0.99299
0.99299
0.993
0.99301
0.99302
0.99303
0.99304
0.99305
0.99306
0.99307
0.99307
0.99308
0.99309
0.9931
0.99311
0.99312
0.99313
0.99314
0.99315
0.99315
0.99316
0.99317
0.99318
0.99319
0.9932
0.99321
0.99322
0.99322
0.99323
0.99324
0.99325
0.99326
0.99327
0.99328
0.99328
0.99329
0.9933
0.99331
0.99332
0.99333
0.99334
0.99334
0.99335
0.99336
0.99337
0.99338
0.99339
0.99339
0.9934
0.99341
0.99342
0.99343
0.99344
0.99344
0.99345
0.99346
0.99347
0.99348
0.99349
0.99349
0.9935
0.99351
0.99352
0.99353
0.99353
0.99354
0.99355
0.99356
0.99357
0.99358
0.99358
0.99359
0.9936
0.99361
0.99362
0.99362
0.99363
0.99364
0.99365
0.99366
0.99366
0.99367
0.99368
0.99369
0.99369
0.9937
0.99371
0.99372
0.99373
0.99373
0.99374
0.99375
0.99376
0.99377
0.99377
0.99378
0.99379
0.9938
0.9938
0.99381
0.99382
0.99383
0.99383
0.99384
0.99385
0.99386
0.99387
0.99387
0.99388
0.99389
0.9939
0.9939
0.99391
0.99392
0.99393
0.99393
0.99394
0.99395
0.99396
0.99396
0.99397
0.99398
0.99399
0.99399
0.994
0.99401
0.99402
0.99402
0.99403
0.99404
0.99404
0.99405
0.99406
0.99407
0.99407
0.99408
0.99409
0.9941
0.9941
0.99411
0.99412
0.99412
0.99413
0.99414
0.99415
0.99415
0.99416
0.99417
0.99417
0.99418
0.99419
0.9942
0.9942
0.99421
0.99422
0.99422
0.99423
0.99424
0.99425
0.99425
0.99426
0.99427
0.99427
0.99428
0.99429
0.99429
0.9943
0.99431
0.99432
0.99432
0.99433
0.99434
0.99434
0.99435
0.99436
0.99436
0.99437
0.99438
0.99438
0.99439
0.9944
0.9944
0.99441
0.99442
0.99442
0.99443
0.99444
0.99444
0.99445
0.99446
0.99446
0.99447
0.99448
0.99448
0.99449
0.9945
0.9945
0.99451
0.99452
0.99452
0.99453
0.99454
0.99454
0.99455
0.99456
0.99456
0.99457
0.99458
0.99458
0.99459
0.9946
0.9946
0.99461
0.99462
0.99462
0.99463
0.99463
0.99464
0.99465
0.99465
0.99466
0.99467
0.99467
0.99468
0.99469
0.99469
0.9947
0.9947
0.99471
0.99472
0.99472
0.99473
0.99474
0.99474
0.99475
0.99475
0.99476
0.99477
0.99477
0.99478
0.99479
0.99479
0.9948
0.9948
0.99481
0.99482
0.99482
0.99483
0.99484
0.99484
0.99485
0.99485
0.99486
0.99487
0.99487
0.99488
0.99488
0.99489
0.9949
0.9949
0.99491
0.99491
0.99492
0.99493
0.99493
0.99494
0.99494
0.99495
0.99496
0.99496
0.99497
0.99497
0.99498
0.99499
0.99499
0.995
0.995
0.99501
0.99501
0.99502
0.99503
0.99503
0.99504
0.99504
0.99505
0.99505
0.99506
0.99507
0.99507
0.99508
0.99508
0.99509
0.9951
0.9951
0.99511
0.99511
0.99512
0.99512
0.99513
0.99514
0.99514
0.99515
0.99515
0.99516
0.99516
0.99517
0.99517
0.99518
0.99519
0.99519
0.9952
0.9952
0.99521
0.99521
0.99522
0.99522
0.99523
0.99524
0.99524
0.99525
0.99525
0.99526
0.99526
0.99527
0.99527
0.99528
0.99528
0.99529
0.9953
0.9953
0.99531
0.99531
0.99532
0.99532
0.99533
0.99533
0.99534
0.99534
0.99535
0.99535
0.99536
0.99537
0.99537
0.99538
0.99538
0.99539
0.99539
0.9954
0.9954
0.99541
0.99541
0.99542
0.99542
0.99543
0.99543
0.99544
0.99544
0.99545
0.99545
0.99546
0.99547
0.99547
0.99548
0.99548
0.99549
0.99549
0.9955
0.9955
0.99551
0.99551
0.99552
0.99552
0.99553
0.99553
0.99554
0.99554
0.99555
0.99555
0.99556
0.99556
0.99557
0.99557
0.99558
0.99558
0.99559
0.99559
0.9956
0.9956
0.99561
0.99561
0.99562
0.99562
0.99563
0.99563
0.99564
0.99564
0.99565
0.99565
0.99566
0.99566
0.99567
0.99567
0.99568
0.99568
0.99569
0.99569
0.9957
0.9957
0.9957
0.99571
0.99571
0.99572
0.99572
0.99573
0.99573
0.99574
0.99574
0.99575
0.99575
0.99576
0.99576
0.99577
0.99577
0.99578
0.99578
0.99579
0.99579
0.9958
0.9958
0.9958
0.99581
0.99581
0.99582
0.99582
0.99583
0.99583
0.99584
0.99584
0.99585
0.99585
0.99586
0.99586
0.99586
0.99587
0.99587
0.99588
0.99588
0.99589
0.99589
0.9959
0.9959
0.99591
0.99591
0.99591
0.99592
0.99592
0.99593
0.99593
0.99594
0.99594
0.99595
0.99595
0.99596
0.99596
0.99596
0.99597
0.99597
0.99598
0.99598
0.99599
0.99599
0.996
0.996
0.996
0.99601
0.99601
0.99602
0.99602
0.99603
0.99603
0.99603
0.99604
0.99604
0.99605
0.99605
0.99606
0.99606
0.99606
0.99607
0.99607
0.99608
0.99608
0.99609
0.99609
0.99609
0.9961
0.9961
0.99611
0.99611
0.99612
0.99612
0.99612
0.99613
0.99613
0.99614
0.99614
0.99615
0.99615
0.99615
0.99616
0.99616
0.99617
0.99617
0.99617
0.99618
0.99618
0.99619
0.99619
0.9962
0.9962
0.9962
0.99621
0.99621
0.99622
0.99622
0.99622
0.99623
0.99623
0.99624
0.99624
0.99624
0.99625
0.99625
0.99626
0.99626
0.99626
0.99627
0.99627
0.99628
0.99628
0.99628
0.99629
0.99629
0.9963
0.9963
0.9963
0.99631
0.99631
0.99632
0.99632
0.99632
0.99633
0.99633
0.99634
0.99634
0.99634
0.99635
0.99635
0.99636
0.99636
0.99636
0.99637
0.99637
0.99638
0.99638
0.99638
0.99639
0.99639
0.99639
0.9964
0.9964
0.99641
0.99641
0.99641
0.99642
0.99642
0.99643
0.99643
0.99643
0.99644
0.99644
0.99644
0.99645
0.99645
0.99646
0.99646
0.99646
0.99647
0.99647
0.99647
0.99648
0.99648
0.99649
0.99649
0.99649
0.9965
0.9965
0.9965
0.99651
0.99651
0.99652
0.99652
0.99652
0.99653
0.99653
0.99653
0.99654
0.99654
0.99654
0.99655
0.99655
0.99656
0.99656
0.99656
0.99657
0.99657
0.99657
0.99658
0.99658
0.99658
0.99659
0.99659
0.99659
0.9966
0.9966
0.99661
0.99661
0.99661
0.99662
0.99662
0.99662
0.99663
0.99663
0.99663
0.99664
0.99664
0.99664
0.99665
0.99665
0.99665
0.99666
0.99666
0.99667
0.99667
0.99667
0.99668
0.99668
0.99668
0.99669
0.99669
0.99669
0.9967
0.9967
0.9967
0.99671
0.99671
0.99671
0.99672
0.99672
0.99672
0.99673
0.99673
0.99673
0.99674
0.99674
0.99674
0.99675
0.99675
0.99675
0.99676
0.99676
0.99676
0.99677
0.99677
0.99677
0.99678
0.99678
0.99678
0.99679
0.99679
0.99679
0.9968
0.9968
0.9968
0.99681
0.99681
0.99681
0.99682
0.99682
0.99682
0.99683
0.99683
0.99683
0.99684
0.99684
0.99684
0.99685
0.99685
0.99685
0.99686
0.99686
0.99686
0.99687
0.99687
0.99687
0.99688
0.99688
0.99688
0.99689
0.99689
0.99689
0.99689
0.9969
0.9969
0.9969
0.99691
0.99691
0.99691
0.99692
0.99692
0.99692
0.99693
0.99693
0.99693
0.99694
0.99694
0.99694
0.99694
0.99695
0.99695
0.99695
0.99696
0.99696
0.99696
0.99697
0.99697
0.99697
0.99698
0.99698
0.99698
0.99698
0.99699
0.99699
0.99699
0.997
0.997
0.997
0.99701
0.99701
0.99701
0.99702
0.99702
0.99702
0.99702
0.99703
0.99703
0.99703
0.99704
0.99704
0.99704
0.99705
0.99705
0.99705
0.99705
0.99706
0.99706
0.99706
0.99707
0.99707
0.99707
0.99707
0.99708
0.99708
0.99708
0.99709
0.99709
0.99709
0.9971
0.9971
0.9971
0.9971
0.99711
0.99711
0.99711
0.99712
0.99712
0.99712
0.99712
0.99713
0.99713
0.99713
0.99714
0.99714
0.99714
0.99714
0.99715
0.99715
0.99715
0.99716
0.99716
0.99716
0.99716
0.99717
0.99717
0.99717
0.99718
0.99718
0.99718
0.99718
0.99719
0.99719
0.99719
0.99719
0.9972
0.9972
0.9972
0.99721
0.99721
0.99721
0.99721
0.99722
0.99722
0.99722
0.99723
0.99723
0.99723
0.99723
0.99724
0.99724
0.99724
0.99724
0.99725
0.99725
0.99725
0.99726
0.99726
0.99726
0.99726
0.99727
0.99727
0.99727
0.99727
0.99728
0.99728
0.99728
0.99728
0.99729
0.99729
0.99729
0.9973
0.9973
0.9973
0.9973
0.99731
0.99731
0.99731
0.99731
0.99732
0.99732
0.99732
0.99732
0.99733
0.99733
0.99733
0.99733
0.99734
0.99734
0.99734
0.99735
0.99735
0.99735
0.99735
0.99736
0.99736
0.99736
0.99736
0.99737
0.99737
0.99737
0.99737
0.99738
0.99738
0.99738
0.99738
0.99739
0.99739
0.99739
0.99739
0.9974
0.9974
0.9974
0.9974
0.99741
0.99741
0.99741
0.99741
0.99742
0.99742
0.99742
0.99742
0.99743
0.99743
0.99743
0.99743
0.99744
0.99744
0.99744
0.99744
0.99745
0.99745
0.99745
0.99745
0.99746
0.99746
0.99746
0.99746
0.99747
0.99747
0.99747
0.99747
0.99748
0.99748
0.99748
0.99748
0.99749
0.99749
0.99749
0.99749
0.99749
0.9975
0.9975
0.9975
0.9975
0.99751
0.99751
0.99751
0.99751
0.99752
0.99752
0.99752
0.99752
0.99753
0.99753
0.99753
0.99753
0.99754
0.99754
0.99754
0.99754
0.99754
0.99755
0.99755
0.99755
0.99755
0.99756
0.99756
0.99756
0.99756
0.99757
0.99757
0.99757
0.99757
0.99758
0.99758
0.99758
0.99758
0.99758
0.99759
0.99759
0.99759
0.99759
0.9976
0.9976
0.9976
0.9976
0.9976
0.99761
0.99761
0.99761
0.99761
0.99762
0.99762
0.99762
0.99762
0.99763
0.99763
0.99763
0.99763
0.99763
0.99764
0.99764
0.99764
0.99764
0.99765
0.99765
0.99765
0.99765
0.99765
0.99766
0.99766
0.99766
0.99766
0.99767
0.99767
0.99767
0.99767
0.99767
0.99768
0.99768
0.99768
0.99768
0.99768
0.99769
0.99769
0.99769
0.99769
0.9977
0.9977
0.9977
0.9977
0.9977
0.99771
0.99771
0.99771
0.99771
0.99771
0.99772
0.99772
0.99772
0.99772
0.99773
0.99773
0.99773
0.99773
0.99773
0.99774
0.99774
0.99774
0.99774
0.99774
0.99775
0.99775
0.99775
0.99775
0.99775
0.99776
0.99776
0.99776
0.99776
0.99777
0.99777
0.99777
0.99777
0.99777
0.99778
0.99778
0.99778
0.99778
0.99778
0.99779
0.99779
0.99779
0.99779
0.99779
0.9978
0.9978
0.9978
0.9978
0.9978
0.99781
0.99781
0.99781
0.99781
0.99781
0.99782
0.99782
0.99782
0.99782
0.99782
0.99783
0.99783
0.99783
0.99783
0.99783
0.99784
0.99784
0.99784
0.99784
0.99784
0.99785
0.99785
0.99785
0.99785
0.99785
0.99786
0.99786
0.99786
0.99786
0.99786
0.99787
0.99787
0.99787
0.99787
0.99787
0.99788
0.99788
0.99788
0.99788
0.99788
0.99789
0.99789
0.99789
0.99789
0.99789
0.9979
0.9979
0.9979
0.9979
0.9979
0.9979
0.99791
0.99791
0.99791
0.99791
0.99791
0.99792
0.99792
0.99792
0.99792
0.99792
0.99793
0.99793
0.99793
0.99793
0.99793
0.99793
0.99794
0.99794
0.99794
0.99794
0.99794
0.99795
0.99795
0.99795
0.99795
0.99795
0.99796
0.99796
0.99796
0.99796
0.99796
0.99796
0.99797
0.99797
0.99797
0.99797
0.99797
0.99798
0.99798
0.99798
0.99798
0.99798
0.99798
0.99799
0.99799
0.99799
0.99799
0.99799
0.998
0.998
0.998
0.998
0.998
0.998
0.99801
0.99801
0.99801
0.99801
0.99801
0.99802
0.99802
0.99802
0.99802
0.99802
0.99802
0.99803
0.99803
0.99803
0.99803
0.99803
0.99803
0.99804
0.99804
0.99804
0.99804
0.99804
0.99805
0.99805
0.99805
0.99805
0.99805
0.99805
0.99806
0.99806
0.99806
0.99806
0.99806
0.99806
0.99807
0.99807
0.99807
0.99807
0.99807
0.99807
0.99808
0.99808
0.99808
0.99808
0.99808
0.99809
0.99809
0.99809
0.99809
0.99809
0.99809
0.9981
0.9981
0.9981
0.9981
0.9981
0.9981
0.99811
0.99811
0.99811
0.99811
0.99811
0.99811
0.99812
0.99812
0.99812
0.99812
0.99812
0.99812
0.99813
0.99813
0.99813
0.99813
0.99813
0.99813
0.99814
0.99814
0.99814
0.99814
0.99814
0.99814
0.99815
0.99815
0.99815
0.99815
0.99815
0.99815
0.99815
0.99816
0.99816
0.99816
0.99816
0.99816
0.99816
0.99817
0.99817
0.99817
0.99817
0.99817
0.99817
0.99818
0.99818
0.99818
0.99818
0.99818
0.99818
0.99819
0.99819
0.99819
0.99819
0.99819
0.99819
0.99819
0.9982
0.9982
0.9982
0.9982
0.9982
0.9982
0.99821
0.99821
0.99821
0.99821
0.99821
0.99821
0.99822
0.99822
0.99822
0.99822
0.99822
0.99822
0.99822
0.99823
0.99823
0.99823
0.99823
0.99823
0.99823
0.99824
0.99824
0.99824
0.99824
0.99824
0.99824
0.99824
0.99825
0.99825
0.99825
0.99825
0.99825
0.99825
0.99826
0.99826
0.99826
0.99826
0.99826
0.99826
0.99826
0.99827
0.99827
0.99827
0.99827
0.99827
0.99827
0.99827
0.99828
0.99828
0.99828
0.99828
0.99828
0.99828
0.99828
0.99829
0.99829
0.99829
0.99829
0.99829
0.99829
0.9983
0.9983
0.9983
0.9983
0.9983
0.9983
0.9983
0.99831
0.99831
0.99831
0.99831
0.99831
0.99831
0.99831
0.99832
0.99832
0.99832
0.99832
0.99832
0.99832
0.99832
0.99833
0.99833
0.99833
0.99833
0.99833
0.99833
0.99833
0.99834
0.99834
0.99834
0.99834
0.99834
0.99834
0.99834
0.99835
0.99835
0.99835
0.99835
0.99835
0.99835
0.99835
0.99836
0.99836
0.99836
0.99836
0.99836
0.99836
0.99836
0.99837
0.99837
0.99837
0.99837
0.99837
0.99837
0.99837
0.99837
0.99838
0.99838
0.99838
0.99838
0.99838
0.99838
0.99838
0.99839
0.99839
0.99839
0.99839
0.99839
0.99839
0.99839
0.9984
0.9984
0.9984
0.9984
0.9984
0.9984
0.9984
0.9984
0.99841
0.99841
0.99841
0.99841
0.99841
0.99841
0.99841
0.99842
0.99842
0.99842
0.99842
0.99842
0.99842
0.99842
0.99842
0.99843
0.99843
0.99843
0.99843
0.99843
0.99843
0.99843
0.99844
0.99844
0.99844
0.99844
0.99844
0.99844
0.99844
0.99844
0.99845
0.99845
0.99845
0.99845
0.99845
0.99845
0.99845
0.99845
0.99846
0.99846
0.99846
0.99846
0.99846
0.99846
0.99846
0.99847
0.99847
0.99847
0.99847
0.99847
0.99847
0.99847
0.99847
0.99848
0.99848
0.99848
0.99848
0.99848
0.99848
0.99848
0.99848
0.99849
0.99849
0.99849
0.99849
0.99849
0.99849
0.99849
0.99849
0.9985
0.9985
0.9985
0.9985
0.9985
0.9985
0.9985
0.9985
0.99851
0.99851
0.99851
0.99851
0.99851
0.99851
0.99851
0.99851
0.99852
0.99852
0.99852
0.99852
0.99852
0.99852
0.99852
0.99852
0.99853
0.99853
0.99853
0.99853
0.99853
0.99853
0.99853
0.99853
0.99854
0.99854
0.99854
0.99854
0.99854
0.99854
0.99854
0.99854
0.99854
0.99855
0.99855
0.99855
0.99855
0.99855
0.99855
0.99855
0.99855
0.99856
0.99856
0.99856
0.99856
0.99856
0.99856
0.99856
0.99856
0.99856
0.99857
0.99857
0.99857
0.99857
0.99857
0.99857
0.99857
0.99857
0.99858
0.99858
0.99858
0.99858
0.99858
0.99858
0.99858
0.99858
0.99858
0.99859
0.99859
0.99859
0.99859
0.99859
0.99859
0.99859
0.99859
0.9986
0.9986
0.9986
0.9986
0.9986
0.9986
0.9986
0.9986
0.9986
0.99861
0.99861
0.99861
0.99861
0.99861
0.99861
0.99861
0.99861
0.99861
0.99862
0.99862
0.99862
0.99862
0.99862
0.99862
0.99862
0.99862
0.99862
0.99863
0.99863
0.99863
0.99863
0.99863
0.99863
0.99863
0.99863
0.99863
0.99864
0.99864
0.99864
0.99864
0.99864
0.99864
0.99864
0.99864
0.99864
0.99865
0.99865
0.99865
0.99865
0.99865
0.99865
0.99865
0.99865
0.99865
0.99866
0.99866
0.99866
0.99866
0.99866
0.99866
0.99866
0.99866
0.99866
0.99867
0.99867
0.99867
0.99867
0.99867
0.99867
0.99867
0.99867
0.99867
0.99867
0.99868
0.99868
0.99868
0.99868
0.99868
0.99868
0.99868
0.99868
0.99868
0.99869
0.99869
0.99869
0.99869
0.99869
0.99869
0.99869
0.99869
0.99869
0.99869
0.9987
0.9987
0.9987
0.9987
0.9987
0.9987
0.9987
0.9987
0.9987
0.99871
0.99871
0.99871
0.99871
0.99871
0.99871
0.99871
0.99871
0.99871
0.99871
0.99872
0.99872
0.99872
0.99872
0.99872
0.99872
0.99872
0.99872
0.99872
0.99872
0.99873
0.99873
0.99873
0.99873
0.99873
0.99873
0.99873
0.99873
0.99873
0.99873
0.99874
0.99874
0.99874
0.99874
0.99874
0.99874
0.99874
0.99874
0.99874
0.99874
0.99875
0.99875
0.99875
0.99875
0.99875
0.99875
0.99875
0.99875
0.99875
0.99875
0.99876
0.99876
0.99876
0.99876
0.99876
0.99876
0.99876
0.99876
0.99876
0.99876
0.99877
0.99877
0.99877
0.99877
0.99877
0.99877
0.99877
0.99877
0.99877
0.99877
0.99878
0.99878
0.99878
0.99878
0.99878
0.99878
0.99878
0.99878
0.99878
0.99878
0.99878
0.99879
0.99879
0.99879
0.99879
0.99879
0.99879
0.99879
0.99879
0.99879
0.99879
0.9988
0.9988
0.9988
0.9988
0.9988
0.9988
0.9988
0.9988
0.9988
0.9988
0.9988
0.99881
0.99881
0.99881
0.99881
0.99881
0.99881
0.99881
0.99881
0.99881
0.99881
0.99881
0.99882
0.99882
0.99882
0.99882
0.99882
0.99882
0.99882
0.99882
0.99882
0.99882
0.99882
0.99883
0.99883
0.99883
0.99883
0.99883
0.99883
0.99883
0.99883
0.99883
0.99883
0.99883
0.99884
0.99884
0.99884
0.99884
0.99884
0.99884
0.99884
0.99884
0.99884
0.99884
0.99884
0.99885
0.99885
0.99885
0.99885
0.99885
0.99885
0.99885
0.99885
0.99885
0.99885
0.99885
0.99886
0.99886
0.99886
0.99886
0.99886
0.99886
0.99886
0.99886
0.99886
0.99886
0.99886
0.99887
0.99887
0.99887
0.99887
0.99887
0.99887
0.99887
0.99887
0.99887
0.99887
0.99887
0.99887
0.99888
0.99888
0.99888
0.99888
0.99888
0.99888
0.99888
0.99888
0.99888
0.99888
0.99888
0.99889
0.99889
0.99889
0.99889
0.99889
0.99889
0.99889
0.99889
0.99889
0.99889
0.99889
0.99889
0.9989
0.9989
0.9989
0.9989
0.9989
0.9989
0.9989
0.9989
0.9989
0.9989
0.9989
0.9989
0.99891
0.99891
0.99891
0.99891
0.99891
0.99891
0.99891
0.99891
0.99891
0.99891
0.99891
0.99891
0.99892
0.99892
0.99892
0.99892
0.99892
0.99892
0.99892
0.99892
0.99892
0.99892
0.99892
0.99892
0.99893
0.99893
0.99893
0.99893
0.99893
0.99893
0.99893
0.99893
0.99893
0.99893
0.99893
0.99893
0.99894
0.99894
0.99894
0.99894
0.99894
0.99894
0.99894
0.99894
0.99894
0.99894
0.99894
0.99894
0.99895
0.99895
0.99895
0.99895
0.99895
0.99895
0.99895
0.99895
0.99895
0.99895
0.99895
0.99895
0.99895
0.99896
0.99896
0.99896
0.99896
0.99896
0.99896
0.99896
0.99896
0.99896
0.99896
0.99896
0.99896
0.99896
0.99897
0.99897
0.99897
0.99897
0.99897
0.99897
0.99897
0.99897
0.99897
0.99897
0.99897
0.99897
0.99897
0.99898
0.99898
0.99898
0.99898
0.99898
0.99898
0.99898
0.99898
0.99898
0.99898
0.99898
0.99898
0.99899
0.99899
0.99899
0.99899
0.99899
0.99899
0.99899
0.99899
0.99899
0.99899
0.99899
0.99899
0.99899
0.99899
0.999
0.999
0.999
0.999
0.999
0.999
0.999
0.999
0.999
0.999
0.999
0.999
0.999
0.99901
0.99901
0.99901
0.99901
0.99901
0.99901
0.99901
0.99901
0.99901
0.99901
0.99901
0.99901
0.99901
0.99902
0.99902
0.99902
0.99902
0.99902
0.99902
0.99902
0.99902
0.99902
0.99902
0.99902
0.99902
0.99902
0.99902
0.99903
0.99903
0.99903
0.99903
0.99903
0.99903
0.99903
0.99903
0.99903
0.99903
0.99903
0.99903
0.99903
0.99903
0.99904
0.99904
0.99904
0.99904
0.99904
0.99904
0.99904
0.99904
0.99904
0.99904
0.99904
0.99904
0.99904
0.99904
0.99905
0.99905
0.99905
0.99905
0.99905
0.99905
0.99905
0.99905
0.99905
0.99905
0.99905
0.99905
0.99905
0.99905
0.99906
0.99906
0.99906
0.99906
0.99906
0.99906
0.99906
0.99906
0.99906
0.99906
0.99906
0.99906
0.99906
0.99906
0.99907
0.99907
0.99907
0.99907
0.99907
0.99907
0.99907
0.99907
0.99907
0.99907
0.99907
0.99907
0.99907
0.99907
0.99907
0.99908
0.99908
0.99908
0.99908
0.99908
0.99908
0.99908
0.99908
0.99908
0.99908
0.99908
0.99908
0.99908
0.99908
0.99908
0.99909
0.99909
0.99909
0.99909
0.99909
0.99909
0.99909
0.99909
0.99909
0.99909
0.99909
0.99909
0.99909
0.99909
0.99909
0.9991
0.9991
0.9991
0.9991
0.9991
0.9991
0.9991
0.9991
0.9991
0.9991
0.9991
0.9991
0.9991
0.9991
0.9991
0.99911
0.99911
0.99911
0.99911
0.99911
0.99911
0.99911
0.99911
0.99911
0.99911
0.99911
0.99911
0.99911
0.99911
0.99911
0.99912
0.99912
0.99912
0.99912
0.99912
0.99912
0.99912
0.99912
0.99912
0.99912
0.99912
0.99912
0.99912
0.99912
0.99912
0.99912
0.99913
0.99913
0.99913
0.99913
0.99913
0.99913
0.99913
0.99913
0.99913
0.99913
0.99913
0.99913
0.99913
0.99913
0.99913
0.99914
0.99914
0.99914
0.99914
0.99914
0.99914
0.99914
0.99914
0.99914
0.99914
0.99914
0.99914
0.99914
0.99914
0.99914
0.99914
0.99915
0.99915
0.99915
0.99915
0.99915
0.99915
0.99915
0.99915
0.99915
0.99915
0.99915
0.99915
0.99915
0.99915
0.99915
0.99915
0.99915
0.99916
0.99916
0.99916
0.99916
0.99916
0.99916
0.99916
0.99916
0.99916
0.99916
0.99916
0.99916
0.99916
0.99916
0.99916
0.99916
0.99917
0.99917
0.99917
0.99917
0.99917
0.99917
0.99917
0.99917
0.99917
0.99917
0.99917
0.99917
0.99917
0.99917
0.99917
0.99917
0.99917
0.99918
0.99918
0.99918
0.99918
0.99918
0.99918
0.99918
0.99918
0.99918
0.99918
0.99918
0.99918
0.99918
0.99918
0.99918
0.99918
0.99918
0.99919
0.99919
0.99919
0.99919
0.99919
0.99919
0.99919
0.99919
0.99919
0.99919
0.99919
0.99919
0.99919
0.99919
0.99919
0.99919
0.99919
0.9992
0.9992
0.9992
0.9992
0.9992
0.9992
0.9992
0.9992
0.9992
0.9992
0.9992
0.9992
0.9992
0.9992
0.9992
0.9992
0.9992
0.99921
0.99921
0.99921
0.99921
0.99921
0.99921
0.99921
0.99921
0.99921
0.99921
0.99921
0.99921
0.99921
0.99921
0.99921
0.99921
0.99921
0.99921
0.99922
0.99922
0.99922
0.99922
0.99922
0.99922
0.99922
0.99922
0.99922
0.99922
0.99922
0.99922
0.99922
0.99922
0.99922
0.99922
0.99922
0.99922
0.99923
0.99923
0.99923
0.99923
0.99923
0.99923
0.99923
0.99923
0.99923
0.99923
0.99923
0.99923
0.99923
0.99923
0.99923
0.99923
0.99923
0.99923
0.99924
0.99924
0.99924
0.99924
0.99924
0.99924
0.99924
0.99924
0.99924
0.99924
0.99924
0.99924
0.99924
0.99924
0.99924
0.99924
0.99924
0.99924
0.99925
0.99925
0.99925
0.99925
0.99925
0.99925
0.99925
0.99925
0.99925
0.99925
0.99925
0.99925
0.99925
0.99925
0.99925
0.99925
0.99925
0.99925
0.99925
0.99926
0.99926
0.99926
0.99926
0.99926
0.99926
0.99926
0.99926
0.99926
0.99926
0.99926
0.99926
0.99926
0.99926
0.99926
0.99926
0.99926
0.99926
0.99926
0.99927
0.99927
0.99927
0.99927
0.99927
0.99927
0.99927
0.99927
0.99927
0.99927
0.99927
0.99927
0.99927
0.99927
0.99927
0.99927
0.99927
0.99927
0.99927
0.99927
0.99928
0.99928
0.99928
0.99928
0.99928
0.99928
0.99928
0.99928
0.99928
0.99928
0.99928
0.99928
0.99928
0.99928
0.99928
0.99928
0.99928
0.99928
0.99928
0.99929
0.99929
0.99929
0.99929
0.99929
0.99929
0.99929
0.99929
0.99929
0.99929
0.99929
0.99929
0.99929
0.99929
0.99929
0.99929
0.99929
0.99929
0.99929
0.99929
0.9993
0.9993
0.9993
0.9993
0.9993
0.9993
0.9993
0.9993
0.9993
0.9993
0.9993
0.9993
0.9993
0.9993
0.9993
0.9993
0.9993
0.9993
0.9993
0.9993
0.9993
0.99931
0.99931
0.99931
0.99931
0.99931
0.99931
0.99931
0.99931
0.99931
0.99931
0.99931
0.99931
0.99931
0.99931
0.99931
0.99931
0.99931
0.99931
0.99931
0.99931
0.99932
0.99932
0.99932
0.99932
0.99932
0.99932
0.99932
0.99932
0.99932
0.99932
0.99932
0.99932
0.99932
0.99932
0.99932
0.99932
0.99932
0.99932
0.99932
0.99932
0.99932
0.99933
0.99933
0.99933
0.99933
0.99933
0.99933
0.99933
0.99933
0.99933
0.99933
0.99933
0.99933
0.99933
0.99933
0.99933
0.99933
0.99933
0.99933
0.99933
0.99933
0.99933
0.99933
0.99934
0.99934
0.99934
0.99934
0.99934
0.99934
0.99934
0.99934
0.99934
0.99934
0.99934
0.99934
0.99934
0.99934
0.99934
0.99934
0.99934
0.99934
0.99934
0.99934
0.99934
0.99934
0.99935
0.99935
0.99935
0.99935
0.99935
0.99935
0.99935
0.99935
0.99935
0.99935
0.99935
0.99935
0.99935
0.99935
0.99935
0.99935
0.99935
0.99935
0.99935
0.99935
0.99935
0.99935
0.99936
0.99936
0.99936
0.99936
0.99936
0.99936
0.99936
0.99936
0.99936
0.99936
0.99936
0.99936
0.99936
0.99936
0.99936
0.99936
0.99936
0.99936
0.99936
0.99936
0.99936
0.99936
0.99937
0.99937
0.99937
0.99937
0.99937
0.99937
0.99937
0.99937
0.99937
0.99937
0.99937
0.99937
0.99937
0.99937
0.99937
0.99937
0.99937
0.99937
0.99937
0.99937
0.99937
0.99937
0.99937
0.99938
0.99938
0.99938
0.99938
0.99938
0.99938
0.99938
0.99938
0.99938
0.99938
0.99938
0.99938
0.99938
0.99938
0.99938
0.99938
0.99938
0.99938
0.99938
0.99938
0.99938
0.99938
0.99938
0.99938
0.99939
0.99939
0.99939
0.99939
0.99939
0.99939
0.99939
0.99939
0.99939
0.99939
0.99939
0.99939
0.99939
0.99939
0.99939
0.99939
0.99939
0.99939
0.99939
0.99939
0.99939
0.99939
0.99939
0.9994
0.9994
0.9994
0.9994
0.9994
0.9994
0.9994
0.9994
0.9994
0.9994
0.9994
0.9994
0.9994
0.9994
0.9994
0.9994
0.9994
0.9994
0.9994
0.9994
0.9994
0.9994
0.9994
0.9994
0.9994
0.99941
0.99941
0.99941
0.99941
0.99941
0.99941
0.99941
0.99941
0.99941
0.99941
0.99941
0.99941
0.99941
0.99941
0.99941
0.99941
0.99941
0.99941
0.99941
0.99941
0.99941
0.99941
0.99941
0.99941
0.99942
0.99942
0.99942
0.99942
0.99942
0.99942
0.99942
0.99942
0.99942
0.99942
0.99942
0.99942
0.99942
0.99942
0.99942
0.99942
0.99942
0.99942
0.99942
0.99942
0.99942
0.99942
0.99942
0.99942
0.99942
0.99943
0.99943
0.99943
0.99943
0.99943
0.99943
0.99943
0.99943
0.99943
0.99943
0.99943
0.99943
0.99943
0.99943
0.99943
0.99943
0.99943
0.99943
0.99943
0.99943
0.99943
0.99943
0.99943
0.99943
0.99943
0.99943
0.99944
0.99944
0.99944
0.99944
0.99944
0.99944
0.99944
0.99944
0.99944
0.99944
0.99944
0.99944
0.99944
0.99944
0.99944
0.99944
0.99944
0.99944
0.99944
0.99944
0.99944
0.99944
0.99944
0.99944
0.99944
0.99944
0.99945
0.99945
0.99945
0.99945
0.99945
0.99945
0.99945
0.99945
0.99945
0.99945
0.99945
0.99945
0.99945
0.99945
0.99945
0.99945
0.99945
0.99945
0.99945
0.99945
0.99945
0.99945
0.99945
0.99945
0.99945
0.99945
0.99945
0.99946
0.99946
0.99946
0.99946
0.99946
0.99946
0.99946
0.99946
0.99946
0.99946
0.99946
0.99946
0.99946
0.99946
0.99946
0.99946
0.99946
0.99946
0.99946
0.99946
0.99946
0.99946
0.99946
0.99946
0.99946
0.99946
0.99946
0.99947
0.99947
0.99947
0.99947
0.99947
0.99947
0.99947
0.99947
0.99947
0.99947
0.99947
0.99947
0.99947
0.99947
0.99947
0.99947
0.99947
0.99947
0.99947
0.99947
0.99947
0.99947
0.99947
0.99947
0.99947
0.99947
0.99947
0.99947
0.99948
0.99948
0.99948
0.99948
0.99948
0.99948
0.99948
0.99948
0.99948
0.99948
0.99948
0.99948
0.99948
0.99948
0.99948
0.99948
0.99948
0.99948
0.99948
0.99948
0.99948
0.99948
0.99948
0.99948
0.99948
0.99948
0.99948
0.99948
0.99949
0.99949
0.99949
0.99949
0.99949
0.99949
0.99949
0.99949
0.99949
0.99949
0.99949
0.99949
0.99949
0.99949
0.99949
0.99949
0.99949
0.99949
0.99949
0.99949
0.99949
0.99949
0.99949
0.99949
0.99949
0.99949
0.99949
0.99949
0.99949
0.9995
0.9995
0.9995
0.9995
0.9995
0.9995
0.9995
0.9995
0.9995
0.9995
0.9995
0.9995
0.9995
0.9995
0.9995
0.9995
0.9995
0.9995
0.9995
0.9995
0.9995
0.9995
0.9995
0.9995
0.9995
0.9995
0.9995
0.9995
0.9995
0.9995
0.99951
0.99951
0.99951
0.99951
0.99951
0.99951
0.99951
0.99951
0.99951
0.99951
0.99951
0.99951
0.99951
0.99951
0.99951
0.99951
0.99951
0.99951
0.99951
0.99951
0.99951
0.99951
0.99951
0.99951
0.99951
0.99951
0.99951
0.99951
0.99951
0.99951
0.99952
0.99952
0.99952
0.99952
0.99952
0.99952
0.99952
0.99952
0.99952
0.99952
0.99952
0.99952
0.99952
0.99952
0.99952
0.99952
0.99952
0.99952
0.99952
0.99952
0.99952
0.99952
0.99952
0.99952
0.99952
0.99952
0.99952
0.99952
0.99952
0.99952
0.99952
0.99953
0.99953
0.99953
0.99953
0.99953
0.99953
0.99953
0.99953
0.99953
0.99953
0.99953
0.99953
0.99953
0.99953
0.99953
0.99953
0.99953
0.99953
0.99953
0.99953
0.99953
0.99953
0.99953
0.99953
0.99953
0.99953
0.99953
0.99953
0.99953
0.99953
0.99953
0.99953
0.99954
0.99954
0.99954
0.99954
0.99954
0.99954
0.99954
0.99954
0.99954
0.99954
0.99954
0.99954
0.99954
0.99954
0.99954
0.99954
0.99954
0.99954
0.99954
0.99954
0.99954
0.99954
0.99954
0.99954
0.99954
0.99954
0.99954
0.99954
0.99954
0.99954
0.99954
0.99954
0.99955
0.99955
0.99955
0.99955
0.99955
0.99955
0.99955
0.99955
0.99955
0.99955
0.99955
0.99955
0.99955
0.99955
0.99955
0.99955
0.99955
0.99955
0.99955
0.99955
0.99955
0.99955
0.99955
0.99955
0.99955
0.99955
0.99955
0.99955
0.99955
0.99955
0.99955
0.99955
0.99955
0.99956
0.99956
0.99956
0.99956
0.99956
0.99956
0.99956
0.99956
0.99956
0.99956
0.99956
0.99956
0.99956
0.99956
0.99956
0.99956
0.99956
0.99956
0.99956
0.99956
0.99956
0.99956
0.99956
0.99956
0.99956
0.99956
0.99956
0.99956
0.99956
0.99956
0.99956
0.99956
0.99956
0.99956
0.99957
0.99957
0.99957
0.99957
0.99957
0.99957
0.99957
0.99957
0.99957
0.99957
0.99957
0.99957
0.99957
0.99957
0.99957
0.99957
0.99957
0.99957
0.99957
0.99957
0.99957
0.99957
0.99957
0.99957
0.99957
0.99957
0.99957
0.99957
0.99957
0.99957
0.99957
0.99957
0.99957
0.99957
0.99958
0.99958
0.99958
0.99958
0.99958
0.99958
0.99958
0.99958
0.99958
0.99958
0.99958
0.99958
0.99958
0.99958
0.99958
0.99958
0.99958
0.99958
0.99958
0.99958
0.99958
0.99958
0.99958
0.99958
0.99958
0.99958
0.99958
0.99958
0.99958
0.99958
0.99958
0.99958
0.99958
0.99958
0.99958
0.99958
0.99959
0.99959
0.99959
0.99959
0.99959
0.99959
0.99959
0.99959
0.99959
0.99959
0.99959
0.99959
0.99959
0.99959
0.99959
0.99959
0.99959
0.99959
0.99959
0.99959
0.99959
0.99959
0.99959
0.99959
0.99959
0.99959
0.99959
0.99959
0.99959
0.99959
0.99959
0.99959
0.99959
0.99959
0.99959
0.99959
0.9996
0.9996
0.9996
0.9996
0.9996
0.9996
0.9996
0.9996
0.9996
0.9996
0.9996
0.9996
0.9996
0.9996
0.9996
0.9996
0.9996
0.9996
0.9996
0.9996
0.9996
0.9996
0.9996
0.9996
0.9996
0.9996
0.9996
0.9996
0.9996
0.9996
0.9996
0.9996
0.9996
0.9996
0.9996
0.9996
0.9996
0.9996
0.99961
0.99961
0.99961
0.99961
0.99961
0.99961
0.99961
0.99961
0.99961
0.99961
0.99961
0.99961
0.99961
0.99961
0.99961
0.99961
0.99961
0.99961
0.99961
0.99961
0.99961
0.99961
0.99961
0.99961
0.99961
0.99961
0.99961
0.99961
0.99961
0.99961
0.99961
0.99961
0.99961
0.99961
0.99961
0.99961
0.99961
0.99961
0.99962
0.99962
0.99962
0.99962
0.99962
0.99962
0.99962
0.99962
0.99962
0.99962
0.99962
0.99962
0.99962
0.99962
0.99962
0.99962
0.99962
0.99962
0.99962
0.99962
0.99962
0.99962
0.99962
0.99962
0.99962
0.99962
0.99962
0.99962
0.99962
0.99962
0.99962
0.99962
0.99962
0.99962
0.99962
0.99962
0.99962
0.99962
0.99962
0.99963
0.99963
0.99963
0.99963
0.99963
0.99963
0.99963
0.99963
0.99963
0.99963
0.99963
0.99963
0.99963
0.99963
0.99963
0.99963
0.99963
0.99963
0.99963
0.99963
0.99963
0.99963
0.99963
0.99963
0.99963
0.99963
0.99963
0.99963
0.99963
0.99963
0.99963
0.99963
0.99963
0.99963
0.99963
0.99963
0.99963
0.99963
0.99963
0.99963
0.99963
0.99964
0.99964
0.99964
0.99964
0.99964
0.99964
0.99964
0.99964
0.99964
0.99964
0.99964
0.99964
0.99964
0.99964
0.99964
0.99964
0.99964
0.99964
0.99964
0.99964
0.99964
0.99964
0.99964
0.99964
0.99964
0.99964
0.99964
0.99964
0.99964
0.99964
0.99964
0.99964
0.99964
0.99964
0.99964
0.99964
0.99964
0.99964
0.99964
0.99964
0.99964
0.99965
0.99965
0.99965
0.99965
0.99965
0.99965
0.99965
0.99965
0.99965
0.99965
0.99965
0.99965
0.99965
0.99965
0.99965
0.99965
0.99965
0.99965
0.99965
0.99965
0.99965
0.99965
0.99965
0.99965
0.99965
0.99965
0.99965
0.99965
0.99965
0.99965
0.99965
0.99965
0.99965
0.99965
0.99965
0.99965
0.99965
0.99965
0.99965
0.99965
0.99965
0.99965
0.99965
0.99966
0.99966
0.99966
0.99966
0.99966
0.99966
0.99966
0.99966
0.99966
0.99966
0.99966
0.99966
0.99966
0.99966
0.99966
0.99966
0.99966
0.99966
0.99966
0.99966
0.99966
0.99966
0.99966
0.99966
0.99966
0.99966
0.99966
0.99966
0.99966
0.99966
0.99966
0.99966
0.99966
0.99966
0.99966
0.99966
0.99966
0.99966
0.99966
0.99966
0.99966
0.99966
0.99966
0.99967
0.99967
0.99967
0.99967
0.99967
0.99967
0.99967
0.99967
0.99967
0.99967
0.99967
0.99967
0.99967
0.99967
0.99967
0.99967
0.99967
0.99967
0.99967
0.99967
0.99967
0.99967
0.99967
0.99967
0.99967
0.99967
0.99967
0.99967
0.99967
0.99967
0.99967
0.99967
0.99967
0.99967
0.99967
0.99967
0.99967
0.99967
0.99967
0.99967
0.99967
0.99967
0.99967
0.99967
0.99967
0.99967
0.99968
0.99968
0.99968
0.99968
0.99968
0.99968
0.99968
0.99968
0.99968
0.99968
0.99968
0.99968
0.99968
0.99968
0.99968
0.99968
0.99968
0.99968
0.99968
0.99968
0.99968
0.99968
0.99968
0.99968
0.99968
0.99968
0.99968
0.99968
0.99968
0.99968
0.99968
0.99968
0.99968
0.99968
0.99968
0.99968
0.99968
0.99968
0.99968
0.99968
0.99968
0.99968
0.99968
0.99968
0.99968
0.99968
0.99969
0.99969
0.99969
0.99969
0.99969
0.99969
0.99969
0.99969
0.99969
0.99969
0.99969
0.99969
0.99969
0.99969
0.99969
0.99969
0.99969
0.99969
0.99969
0.99969
0.99969
0.99969
0.99969
0.99969
0.99969
0.99969
0.99969
0.99969
0.99969
0.99969
0.99969
0.99969
0.99969
0.99969
0.99969
0.99969
0.99969
0.99969
0.99969
0.99969
0.99969
0.99969
0.99969
0.99969
0.99969
0.99969
0.99969
0.99969
0.9997
0.9997
0.9997
0.9997
0.9997
0.9997
0.9997
0.9997
0.9997
0.9997
0.9997
0.9997
0.9997
0.9997
0.9997
0.9997
0.9997
0.9997
0.9997
0.9997
0.9997
0.9997
0.9997
0.9997
0.9997
0.9997
0.9997
0.9997
0.9997
0.9997
0.9997
0.9997
0.9997
0.9997
0.9997
0.9997
0.9997
0.9997
0.9997
0.9997
0.9997
0.9997
0.9997
0.9997
0.9997
0.9997
0.9997
0.9997
0.9997
0.99971
0.99971
0.99971
0.99971
0.99971
0.99971
0.99971
0.99971
0.99971
0.99971
0.99971
0.99971
0.99971
0.99971
0.99971
0.99971
0.99971
0.99971
0.99971
0.99971
0.99971
0.99971
0.99971
0.99971
0.99971
0.99971
0.99971
0.99971
0.99971
0.99971
0.99971
0.99971
0.99971
0.99971
0.99971
0.99971
0.99971
0.99971
0.99971
0.99971
0.99971
0.99971
0.99971
0.99971
0.99971
0.99971
0.99971
0.99971
0.99971
0.99971
0.99971
0.99972
0.99972
0.99972
0.99972
0.99972
0.99972
0.99972
0.99972
0.99972
0.99972
0.99972
0.99972
0.99972
0.99972
0.99972
0.99972
0.99972
0.99972
0.99972
0.99972
0.99972
0.99972
0.99972
0.99972
0.99972
0.99972
0.99972
0.99972
0.99972
0.99972
0.99972
0.99972
0.99972
0.99972
0.99972
0.99972
0.99972
0.99972
0.99972
0.99972
0.99972
0.99972
0.99972
0.99972
0.99972
0.99972
0.99972
0.99972
0.99972
0.99972
0.99972
0.99972
0.99972
0.99973
0.99973
0.99973
0.99973
0.99973
0.99973
0.99973
0.99973
0.99973
0.99973
0.99973
0.99973
0.99973
0.99973
0.99973
0.99973
0.99973
0.99973
0.99973
0.99973
0.99973
0.99973
0.99973
0.99973
0.99973
0.99973
0.99973
0.99973
0.99973
0.99973
0.99973
0.99973
0.99973
0.99973
0.99973
0.99973
0.99973
0.99973
0.99973
0.99973
0.99973
0.99973
0.99973
0.99973
0.99973
0.99973
0.99973
0.99973
0.99973
0.99973
0.99973
0.99973
0.99973
0.99973
0.99974
0.99974
0.99974
0.99974
0.99974
0.99974
0.99974
0.99974
0.99974
0.99974
0.99974
0.99974
0.99974
0.99974
0.99974
0.99974
0.99974
0.99974
0.99974
0.99974
0.99974
0.99974
0.99974
0.99974
0.99974
0.99974
0.99974
0.99974
0.99974
0.99974
0.99974
0.99974
0.99974
0.99974
0.99974
0.99974
0.99974
0.99974
0.99974
0.99974
0.99974
0.99974
0.99974
0.99974
0.99974
0.99974
0.99974
0.99974
0.99974
0.99974
0.99974
0.99974
0.99974
0.99974
0.99974
0.99974
0.99974
0.99975
0.99975
0.99975
0.99975
0.99975
0.99975
0.99975
0.99975
0.99975
0.99975
0.99975
0.99975
0.99975
0.99975
0.99975
0.99975
0.99975
0.99975
0.99975
0.99975
0.99975
0.99975
0.99975
0.99975
0.99975
0.99975
0.99975
0.99975
0.99975
0.99975
0.99975
0.99975
0.99975
0.99975
0.99975
0.99975
0.99975
0.99975
0.99975
0.99975
0.99975
0.99975
0.99975
0.99975
0.99975
0.99975
0.99975
0.99975
0.99975
0.99975
0.99975
0.99975
0.99975
0.99975
0.99975
0.99975
0.99975
0.99975
0.99976
0.99976
0.99976
0.99976
0.99976
0.99976
0.99976
0.99976
0.99976
0.99976
0.99976
0.99976
0.99976
0.99976
0.99976
0.99976
0.99976
0.99976
0.99976
0.99976
0.99976
0.99976
0.99976
0.99976
0.99976
0.99976
0.99976
0.99976
0.99976
0.99976
0.99976
0.99976
0.99976
0.99976
0.99976
0.99976
0.99976
0.99976
0.99976
0.99976
0.99976
0.99976
0.99976
0.99976
0.99976
0.99976
0.99976
0.99976
0.99976
0.99976
0.99976
0.99976
0.99976
0.99976
0.99976
0.99976
0.99976
0.99976
0.99976
0.99976
0.99976
0.99977
0.99977
0.99977
0.99977
0.99977
0.99977
0.99977
0.99977
0.99977
0.99977
0.99977
0.99977
0.99977
0.99977
0.99977
0.99977
0.99977
0.99977
0.99977
0.99977
0.99977
0.99977
0.99977
0.99977
0.99977
0.99977
0.99977
0.99977
0.99977
0.99977
0.99977
0.99977
0.99977
0.99977
0.99977
0.99977
0.99977
0.99977
0.99977
0.99977
0.99977
0.99977
0.99977
0.99977
0.99977
0.99977
0.99977
0.99977
0.99977
0.99977
0.99977
0.99977
0.99977
0.99977
0.99977
0.99977
0.99977
0.99977
0.99977
0.99977
0.99977
0.99977
0.99978
0.99978
0.99978
0.99978
0.99978
0.99978
0.99978
0.99978
0.99978
0.99978
0.99978
0.99978
0.99978
0.99978
0.99978
0.99978
0.99978
0.99978
0.99978
0.99978
0.99978
0.99978
0.99978
0.99978
0.99978
0.99978
0.99978
0.99978
0.99978
0.99978
0.99978
0.99978
0.99978
0.99978
0.99978
0.99978
0.99978
0.99978
0.99978
0.99978
0.99978
0.99978
0.99978
0.99978
0.99978
0.99978
0.99978
0.99978
0.99978
0.99978
0.99978
0.99978
0.99978
0.99978
0.99978
0.99978
0.99978
0.99978
0.99978
0.99978
0.99978
0.99978
0.99978
0.99978
0.99978
0.99978
0.99979
0.99979
0.99979
0.99979
0.99979
0.99979
0.99979
0.99979
0.99979
0.99979
0.99979
0.99979
0.99979
0.99979
0.99979
0.99979
0.99979
0.99979
0.99979
0.99979
0.99979
0.99979
0.99979
0.99979
0.99979
0.99979
0.99979
0.99979
0.99979
0.99979
0.99979
0.99979
0.99979
0.99979
0.99979
0.99979
0.99979
0.99979
0.99979
0.99979
0.99979
0.99979
0.99979
0.99979
0.99979
0.99979
0.99979
0.99979
0.99979
0.99979
0.99979
0.99979
0.99979
0.99979
0.99979
0.99979
0.99979
0.99979
0.99979
0.99979
0.99979
0.99979
0.99979
0.99979
0.99979
0.99979
0.99979
0.99979
0.9998
0.9998
0.9998
0.9998
0.9998
0.9998
0.9998
0.9998
0.9998
0.9998
0.9998
0.9998
0.9998
0.9998
0.9998
0.9998
0.9998
0.9998
0.9998
0.9998
0.9998
0.9998
0.9998
0.9998
0.9998
0.9998
0.9998
0.9998
0.9998
0.9998
0.9998
0.9998
0.9998
0.9998
0.9998
0.9998
0.9998
0.9998
0.9998
0.9998
0.9998
0.9998
0.9998
0.9998
0.9998
0.9998
0.9998
0.9998
0.9998
0.9998
0.9998
0.9998
0.9998
0.9998
0.9998
0.9998
0.9998
0.9998
0.9998
0.9998
0.9998
0.9998
0.9998
0.9998
0.9998
0.9998
0.9998
0.9998
0.9998
0.9998
0.9998
0.99981
0.99981
0.99981
0.99981
0.99981
0.99981
0.99981
0.99981
0.99981
0.99981
0.99981
0.99981
0.99981
0.99981
0.99981
0.99981
0.99981
0.99981
0.99981
0.99981
0.99981
0.99981
0.99981
0.99981
0.99981
0.99981
0.99981
0.99981
0.99981
0.99981
0.99981
0.99981
0.99981
0.99981
0.99981
0.99981
0.99981
0.99981
0.99981
0.99981
0.99981
0.99981
0.99981
0.99981
0.99981
0.99981
0.99981
0.99981
0.99981
0.99981
0.99981
0.99981
0.99981
0.99981
0.99981
0.99981
0.99981
0.99981
0.99981
0.99981
0.99981
0.99981
0.99981
0.99981
0.99981
0.99981
0.99981
0.99981
0.99981
0.99981
0.99981
0.99981
0.99981
0.99981
0.99982
0.99982
0.99982
0.99982
0.99982
0.99982
0.99982
0.99982
0.99982
0.99982
0.99982
0.99982
0.99982
0.99982
0.99982
0.99982
0.99982
0.99982
0.99982
0.99982
0.99982
0.99982
0.99982
0.99982
0.99982
0.99982
0.99982
0.99982
0.99982
0.99982
0.99982
0.99982
0.99982
0.99982
0.99982
0.99982
0.99982
0.99982
0.99982
0.99982
0.99982
0.99982
0.99982
0.99982
0.99982
0.99982
0.99982
0.99982
0.99982
0.99982
0.99982
0.99982
0.99982
0.99982
0.99982
0.99982
0.99982
0.99982
0.99982
0.99982
0.99982
0.99982
0.99982
0.99982
0.99982
0.99982
0.99982
0.99982
0.99982
0.99982
0.99982
0.99982
0.99982
0.99982
0.99982
0.99982
0.99982
0.99982
0.99983
0.99983
0.99983
0.99983
0.99983
0.99983
0.99983
0.99983
0.99983
0.99983
0.99983
0.99983
0.99983
0.99983
0.99983
0.99983
0.99983
0.99983
0.99983
0.99983
0.99983
0.99983
0.99983
0.99983
0.99983
0.99983
0.99983
0.99983
0.99983
0.99983
0.99983
0.99983
0.99983
0.99983
0.99983
0.99983
0.99983
0.99983
0.99983
0.99983
0.99983
0.99983
0.99983
0.99983
0.99983
0.99983
0.99983
0.99983
0.99983
0.99983
0.99983
0.99983
0.99983
0.99983
0.99983
0.99983
0.99983
0.99983
0.99983
0.99983
0.99983
0.99983
0.99983
0.99983
0.99983
0.99983
0.99983
0.99983
0.99983
0.99983
0.99983
0.99983
0.99983
0.99983
0.99983
0.99983
0.99983
0.99983
0.99983
0.99983
0.99983
0.99984
0.99984
0.99984
0.99984
0.99984
0.99984
0.99984
0.99984
0.99984
0.99984
0.99984
0.99984
0.99984
0.99984
0.99984
0.99984
0.99984
0.99984
0.99984
0.99984
0.99984
0.99984
0.99984
0.99984
0.99984
0.99984
0.99984
0.99984
0.99984
0.99984
0.99984
0.99984
0.99984
0.99984
0.99984
0.99984
0.99984
0.99984
0.99984
0.99984
0.99984
0.99984
0.99984
0.99984
0.99984
0.99984
0.99984
0.99984
0.99984
0.99984
0.99984
0.99984
0.99984
0.99984
0.99984
0.99984
0.99984
0.99984
0.99984
0.99984
0.99984
0.99984
0.99984
0.99984
0.99984
0.99984
0.99984
0.99984
0.99984
0.99984
0.99984
0.99984
0.99984
0.99984
0.99984
0.99984
0.99984
0.99984
0.99984
0.99984
0.99984
0.99984
0.99984
0.99984
0.99984
0.99984
0.99985
0.99985
0.99985
0.99985
0.99985
0.99985
0.99985
0.99985
0.99985
0.99985
0.99985
0.99985
0.99985
0.99985
0.99985
0.99985
0.99985
0.99985
0.99985
0.99985
0.99985
0.99985
0.99985
0.99985
0.99985
0.99985
0.99985
0.99985
0.99985
0.99985
0.99985
0.99985
0.99985
0.99985
0.99985
0.99985
0.99985
0.99985
0.99985
0.99985
0.99985
0.99985
0.99985
0.99985
0.99985
0.99985
0.99985
0.99985
0.99985
0.99985
0.99985
0.99985
0.99985
0.99985
0.99985
0.99985
0.99985
0.99985
0.99985
0.99985
0.99985
0.99985
0.99985
0.99985
0.99985
0.99985
0.99985
0.99985
0.99985
0.99985
0.99985
0.99985
0.99985
0.99985
0.99985
0.99985
0.99985
0.99985
0.99985
0.99985
0.99985
0.99985
0.99985
0.99985
0.99985
0.99985
0.99985
0.99985
0.99985
0.99985
0.99986
0.99986
0.99986
0.99986
0.99986
0.99986
0.99986
0.99986
0.99986
0.99986
0.99986
0.99986
0.99986
0.99986
0.99986
0.99986
0.99986
0.99986
0.99986
0.99986
0.99986
0.99986
0.99986
0.99986
0.99986
0.99986
0.99986
0.99986
0.99986
0.99986
0.99986
0.99986
0.99986
0.99986
0.99986
0.99986
0.99986
0.99986
0.99986
0.99986
0.99986
0.99986
0.99986
0.99986
0.99986
0.99986
0.99986
0.99986
0.99986
0.99986
0.99986
0.99986
0.99986
0.99986
0.99986
0.99986
0.99986
0.99986
0.99986
0.99986
0.99986
0.99986
0.99986
0.99986
0.99986
0.99986
0.99986
0.99986
0.99986
0.99986
0.99986
0.99986
0.99986
0.99986
0.99986
0.99986
0.99986
0.99986
0.99986
0.99986
0.99986
0.99986
0.99986
0.99986
0.99986
0.99986
0.99986
0.99986
0.99986
0.99986
0.99986
0.99986
0.99986
0.99986
0.99986
0.99986
0.99987
0.99987
0.99987
0.99987
0.99987
0.99987
0.99987
0.99987
0.99987
0.99987
0.99987
0.99987
0.99987
0.99987
0.99987
0.99987
0.99987
0.99987
0.99987
0.99987
0.99987
0.99987
0.99987
0.99987
0.99987
0.99987
0.99987
0.99987
0.99987
0.99987
0.99987
0.99987
0.99987
0.99987
0.99987
0.99987
0.99987
0.99987
0.99987
0.99987
0.99987
0.99987
0.99987
0.99987
0.99987
0.99987
0.99987
0.99987
0.99987
0.99987
0.99987
0.99987
0.99987
0.99987
0.99987
0.99987
0.99987
0.99987
0.99987
0.99987
0.99987
0.99987
0.99987
0.99987
0.99987
0.99987
0.99987
0.99987
0.99987
0.99987
0.99987
0.99987
0.99987
0.99987
0.99987
0.99987
0.99987
0.99987
0.99987
0.99987
0.99987
0.99987
0.99987
0.99987
0.99987
0.99987
0.99987
0.99987
0.99987
0.99987
0.99987
0.99987
0.99987
0.99987
0.99987
0.99987
0.99987
0.99987
0.99987
0.99987
0.99987
0.99987
0.99988
0.99988
0.99988
0.99988
0.99988
0.99988
0.99988
0.99988
0.99988
0.99988
0.99988
0.99988
0.99988
0.99988
0.99988
0.99988
0.99988
0.99988
0.99988
0.99988
0.99988
0.99988
0.99988
0.99988
0.99988
0.99988
0.99988
0.99988
0.99988
0.99988
0.99988
0.99988
0.99988
0.99988
0.99988
0.99988
0.99988
0.99988
0.99988
0.99988
0.99988
0.99988
0.99988
0.99988
0.99988
0.99988
0.99988
0.99988
0.99988
0.99988
0.99988
0.99988
0.99988
0.99988
0.99988
0.99988
0.99988
0.99988
0.99988
0.99988
0.99988
0.99988
0.99988
0.99988
0.99988
0.99988
0.99988
0.99988
0.99988
0.99988
0.99988
0.99988
0.99988
0.99988
0.99988
0.99988
0.99988
0.99988
0.99988
0.99988
0.99988
0.99988
0.99988
0.99988
0.99988
0.99988
0.99988
0.99988
0.99988
0.99988
0.99988
0.99988
0.99988
0.99988
0.99988
0.99988
0.99988
0.99988
0.99988
0.99988
0.99988
0.99988
0.99988
0.99988
0.99988
0.99988
0.99988
0.99988
0.99989
0.99989
0.99989
0.99989
0.99989
0.99989
0.99989
0.99989
0.99989
0.99989
0.99989
0.99989
0.99989
0.99989
0.99989
0.99989
0.99989
0.99989
0.99989
0.99989
0.99989
0.99989
0.99989
0.99989
0.99989
0.99989
0.99989
0.99989
0.99989
0.99989
0.99989
0.99989
0.99989
0.99989
0.99989
0.99989
0.99989
0.99989
0.99989
0.99989
0.99989
0.99989
0.99989
0.99989
0.99989
0.99989
0.99989
0.99989
0.99989
0.99989
0.99989
0.99989
0.99989
0.99989
0.99989
0.99989
0.99989
0.99989
0.99989
0.99989
0.99989
0.99989
0.99989
0.99989
0.99989
0.99989
0.99989
0.99989
0.99989
0.99989
0.99989
0.99989
0.99989
0.99989
0.99989
0.99989
0.99989
0.99989
0.99989
0.99989
0.99989
0.99989
0.99989
0.99989
0.99989
0.99989
0.99989
0.99989
0.99989
0.99989
0.99989
0.99989
0.99989
0.99989
0.99989
0.99989
0.99989
0.99989
0.99989
0.99989
0.99989
0.99989
0.99989
0.99989
0.99989
0.99989
0.99989
0.99989
0.99989
0.99989
0.99989
0.99989
0.99989
0.99989
0.99989
0.99989
0.99989
0.9999
0.9999
0.9999
0.9999
0.9999
0.9999
0.9999
0.9999
0.9999
0.9999
0.9999
0.9999
0.9999
0.9999
0.9999
0.9999
0.9999
0.9999
0.9999
0.9999
0.9999
0.9999
0.9999
0.9999
0.9999
0.9999
0.9999
0.9999
0.9999
0.9999
0.9999
0.9999
0.9999
0.9999
0.9999
0.9999
0.9999
0.9999
0.9999
0.9999
0.9999
0.9999
0.9999
0.9999
0.9999
0.9999
0.9999
0.9999
0.9999
0.9999
0.9999
0.9999
0.9999
0.9999
0.9999
0.9999
0.9999
0.9999
0.9999
0.9999
0.9999
0.9999
0.9999
0.9999
0.9999
0.9999
0.9999
0.9999
0.9999
0.9999
0.9999
0.9999
0.9999
0.9999
0.9999
0.9999
0.9999
0.9999
0.9999
0.9999
0.9999
0.9999
0.9999
0.9999
0.9999
0.9999
0.9999
0.9999
0.9999
0.9999
0.9999
0.9999
0.9999
0.9999
0.9999
0.9999
0.9999
0.9999
0.9999
0.9999
0.9999
0.9999
0.9999
0.9999
0.9999
0.9999
0.9999
0.9999
0.9999
0.9999
0.9999
0.9999
0.9999
0.9999
0.9999
0.9999
0.9999
0.9999
0.9999
0.9999
0.9999
0.9999
0.9999
0.9999
0.9999
0.99991
0.99991
0.99991
0.99991
0.99991
0.99991
0.99991
0.99991
0.99991
0.99991
0.99991
0.99991
0.99991
0.99991
0.99991
0.99991
0.99991
0.99991
0.99991
0.99991
0.99991
0.99991
0.99991
0.99991
0.99991
0.99991
0.99991
0.99991
0.99991
0.99991
0.99991
0.99991
0.99991
0.99991
0.99991
0.99991
0.99991
0.99991
0.99991
0.99991
0.99991
0.99991
0.99991
0.99991
0.99991
0.99991
0.99991
0.99991
0.99991
0.99991
0.99991
0.99991
0.99991
0.99991
0.99991
0.99991
0.99991
0.99991
0.99991
0.99991
0.99991
0.99991
0.99991
0.99991
0.99991
0.99991
0.99991
0.99991
0.99991
0.99991
0.99991
0.99991
0.99991
0.99991
0.99991
0.99991
0.99991
0.99991
0.99991
0.99991
0.99991
0.99991
0.99991
0.99991
0.99991
0.99991
0.99991
0.99991
0.99991
0.99991
0.99991
0.99991
0.99991
0.99991
0.99991
0.99991
0.99991
0.99991
0.99991
0.99991
0.99991
0.99991
0.99991
0.99991
0.99991
0.99991
0.99991
0.99991
0.99991
0.99991
0.99991
0.99991
0.99991
0.99991
0.99991
0.99991
0.99991
0.99991
0.99991
0.99991
0.99991
0.99991
0.99991
0.99991
0.99991
0.99991
0.99991
0.99991
0.99991
0.99991
0.99991
0.99991
0.99991
0.99991
0.99991
0.99991
0.99991
0.99992
0.99992
0.99992
0.99992
0.99992
0.99992
0.99992
0.99992
0.99992
0.99992
0.99992
0.99992
0.99992
0.99992
0.99992
0.99992
0.99992
0.99992
0.99992
0.99992
0.99992
0.99992
0.99992
0.99992
0.99992
0.99992
0.99992
0.99992
0.99992
0.99992
0.99992
0.99992
0.99992
0.99992
0.99992
0.99992
0.99992
0.99992
0.99992
0.99992
0.99992
0.99992
0.99992
0.99992
0.99992
0.99992
0.99992
0.99992
0.99992
0.99992
0.99992
0.99992
0.99992
0.99992
0.99992
0.99992
0.99992
0.99992
0.99992
0.99992
0.99992
0.99992
0.99992
0.99992
0.99992
0.99992
0.99992
0.99992
0.99992
0.99992
0.99992
0.99992
0.99992
0.99992
0.99992
0.99992
0.99992
0.99992
0.99992
0.99992
0.99992
0.99992
0.99992
0.99992
0.99992
0.99992
0.99992
0.99992
0.99992
0.99992
0.99992
0.99992
0.99992
0.99992
0.99992
0.99992
0.99992
0.99992
0.99992
0.99992
0.99992
0.99992
0.99992
0.99992
0.99992
0.99992
0.99992
0.99992
0.99992
0.99992
0.99992
0.99992
0.99992
0.99992
0.99992
0.99992
0.99992
0.99992
0.99992
0.99992
0.99992
0.99992
0.99992
0.99992
0.99992
0.99992
0.99992
0.99992
0.99992
0.99992
0.99992
0.99992
0.99992
0.99992
0.99992
0.99992
0.99992
0.99992
0.99992
0.99992
0.99992
0.99992
0.99992
0.99992
0.99992
0.99992
0.99992
0.99992
0.99992
0.99992
0.99992
0.99993
0.99993
0.99993
0.99993
0.99993
0.99993
0.99993
0.99993
0.99993
0.99993
0.99993
0.99993
0.99993
0.99993
0.99993
0.99993
0.99993
0.99993
0.99993
0.99993
0.99993
0.99993
0.99993
0.99993
0.99993
0.99993
0.99993
0.99993
0.99993
0.99993
0.99993
0.99993
0.99993
0.99993
0.99993
0.99993
0.99993
0.99993
0.99993
0.99993
0.99993
0.99993
0.99993
0.99993
0.99993
0.99993
0.99993
0.99993
0.99993
0.99993
0.99993
0.99993
0.99993
0.99993
0.99993
0.99993
0.99993
0.99993
0.99993
0.99993
0.99993
0.99993
0.99993
0.99993
0.99993
0.99993
0.99993
0.99993
0.99993
0.99993
0.99993
0.99993
0.99993
0.99993
0.99993
0.99993
0.99993
0.99993
0.99993
0.99993
0.99993
0.99993
0.99993
0.99993
0.99993
0.99993
0.99993
0.99993
0.99993
0.99993
0.99993
0.99993
0.99993
0.99993
0.99993
0.99993
0.99993
0.99993
0.99993
0.99993
0.99993
0.99993
0.99993
0.99993
0.99993
0.99993
0.99993
0.99993
0.99993
0.99993
0.99993
0.99993
0.99993
0.99993
0.99993
0.99993
0.99993
0.99993
0.99993
0.99993
0.99993
0.99993
0.99993
0.99993
0.99993
0.99993
0.99993
0.99993
0.99993
0.99993
0.99993
0.99993
0.99993
0.99993
0.99993
0.99993
0.99993
0.99993
0.99993
0.99993
0.99993
0.99993
0.99993
0.99993
0.99993
0.99993
0.99993
0.99993
0.99993
0.99993
0.99993
0.99993
0.99993
0.99993
0.99993
0.99993
0.99993
0.99993
0.99993
0.99993
0.99993
0.99993
0.99993
0.99993
0.99993
0.99993
0.99993
0.99994
0.99994
0.99994
0.99994
0.99994
0.99994
0.99994
0.99994
0.99994
0.99994
0.99994
0.99994
0.99994
0.99994
0.99994
0.99994
0.99994
0.99994
0.99994
0.99994
0.99994
0.99994
0.99994
0.99994
0.99994
0.99994
0.99994
0.99994
0.99994
0.99994
0.99994
0.99994
0.99994
0.99994
0.99994
0.99994
0.99994
0.99994
0.99994
0.99994
0.99994
0.99994
0.99994
0.99994
0.99994
0.99994
0.99994
0.99994
0.99994
0.99994
0.99994
0.99994
0.99994
0.99994
0.99994
0.99994
0.99994
0.99994
0.99994
0.99994
0.99994
0.99994
0.99994
0.99994
0.99994
0.99994
0.99994
0.99994
0.99994
0.99994
0.99994
0.99994
0.99994
0.99994
0.99994
0.99994
0.99994
0.99994
0.99994
0.99994
0.99994
0.99994
0.99994
0.99994
0.99994
0.99994
0.99994
0.99994
0.99994
0.99994
0.99994
0.99994
0.99994
0.99994
0.99994
0.99994
0.99994
0.99994
0.99994
0.99994
0.99994
0.99994
0.99994
0.99994
0.99994
0.99994
0.99994
0.99994
0.99994
0.99994
0.99994
0.99994
0.99994
0.99994
0.99994
0.99994
0.99994
0.99994
0.99994
0.99994
0.99994
0.99994
0.99994
0.99994
0.99994
0.99994
0.99994
0.99994
0.99994
0.99994
0.99994
0.99994
0.99994
0.99994
0.99994
0.99994
0.99994
0.99994
0.99994
0.99994
0.99994
0.99994
0.99994
0.99994
0.99994
0.99994
0.99994
0.99994
0.99994
0.99994
0.99994
0.99994
0.99994
0.99994
0.99994
0.99994
0.99994
0.99994
0.99994
0.99994
0.99994
0.99994
0.99994
0.99994
0.99994
0.99994
0.99994
0.99994
0.99994
0.99994
0.99994
0.99994
0.99994
0.99994
0.99994
0.99994
0.99994
0.99994
0.99994
0.99994
0.99994
0.99994
0.99994
0.99994
0.99994
0.99994
0.99994
0.99994
0.99994
0.99994
0.99995
0.99995
0.99995
0.99995
0.99995
0.99995
0.99995
0.99995
0.99995
0.99995
0.99995
0.99995
0.99995
0.99995
0.99995
0.99995
0.99995
0.99995
0.99995
0.99995
0.99995
0.99995
0.99995
0.99995
0.99995
0.99995
0.99995
0.99995
0.99995
0.99995
0.99995
0.99995
0.99995
0.99995
0.99995
0.99995
0.99995
0.99995
0.99995
0.99995
0.99995
0.99995
0.99995
0.99995
0.99995
0.99995
0.99995
0.99995
0.99995
0.99995
0.99995
0.99995
0.99995
0.99995
0.99995
0.99995
0.99995
0.99995
0.99995
0.99995
0.99995
0.99995
0.99995
0.99995
0.99995
0.99995
0.99995
0.99995
0.99995
0.99995
0.99995
0.99995
0.99995
0.99995
0.99995
0.99995
0.99995
0.99995
0.99995
0.99995
0.99995
0.99995
0.99995
0.99995
0.99995
0.99995
0.99995
0.99995
0.99995
0.99995
0.99995
0.99995
0.99995
0.99995
0.99995
0.99995
0.99995
0.99995
0.99995
0.99995
0.99995
0.99995
0.99995
0.99995
0.99995
0.99995
0.99995
0.99995
0.99995
0.99995
0.99995
0.99995
0.99995
0.99995
0.99995
0.99995
0.99995
0.99995
0.99995
0.99995
0.99995
0.99995
0.99995
0.99995
0.99995
0.99995
0.99995
0.99995
0.99995
0.99995
0.99995
0.99995
0.99995
0.99995
0.99995
0.99995
0.99995
0.99995
0.99995
0.99995
0.99995
0.99995
0.99995
0.99995
0.99995
0.99995
0.99995
0.99995
0.99995
0.99995
0.99995
0.99995
0.99995
0.99995
0.99995
0.99995
0.99995
0.99995
0.99995
0.99995
0.99995
0.99995
0.99995
0.99995
0.99995
0.99995
0.99995
0.99995
0.99995
0.99995
0.99995
0.99995
0.99995
0.99995
0.99995
0.99995
0.99995
0.99995
0.99995
0.99995
0.99995
0.99995
0.99995
0.99995
0.99995
0.99995
0.99995
0.99995
0.99995
0.99995
0.99995
0.99995
0.99995
0.99995
0.99995
0.99995
0.99995
0.99995
0.99995
0.99995
0.99995
0.99995
0.99995
0.99995
0.99995
0.99995
0.99995
0.99995
0.99995
0.99995
0.99995
0.99995
0.99995
0.99995
0.99995
0.99995
0.99995
0.99995
0.99995
0.99995
0.99996
0.99996
0.99996
0.99996
0.99996
0.99996
0.99996
0.99996
0.99996
0.99996
0.99996
0.99996
0.99996
0.99996
0.99996
0.99996
0.99996
0.99996
0.99996
0.99996
0.99996
0.99996
0.99996
0.99996
0.99996
0.99996
0.99996
0.99996
0.99996
0.99996
0.99996
0.99996
0.99996
0.99996
0.99996
0.99996
0.99996
0.99996
0.99996
0.99996
0.99996
0.99996
0.99996
0.99996
0.99996
0.99996
0.99996
0.99996
0.99996
0.99996
0.99996
0.99996
0.99996
0.99996
0.99996
0.99996
0.99996
0.99996
0.99996
0.99996
0.99996
0.99996
0.99996
0.99996
0.99996
0.99996
0.99996
0.99996
0.99996
0.99996
0.99996
0.99996
0.99996
0.99996
0.99996
0.99996
0.99996
0.99996
0.99996
0.99996
0.99996
0.99996
0.99996
0.99996
0.99996
0.99996
0.99996
0.99996
0.99996
0.99996
0.99996
0.99996
0.99996
0.99996
0.99996
0.99996
0.99996
0.99996
0.99996
0.99996
0.99996
0.99996
0.99996
0.99996
0.99996
0.99996
0.99996
0.99996
0.99996
0.99996
0.99996
0.99996
0.99996
0.99996
0.99996
0.99996
0.99996
0.99996
0.99996
0.99996
0.99996
0.99996
0.99996
0.99996
0.99996
0.99996
0.99996
0.99996
0.99996
0.99996
0.99996
0.99996
0.99996
0.99996
0.99996
0.99996
0.99996
0.99996
0.99996
0.99996
0.99996
0.99996
0.99996
0.99996
0.99996
0.99996
0.99996
0.99996
0.99996
0.99996
0.99996
0.99996
0.99996
0.99996
0.99996
0.99996
0.99996
0.99996
0.99996
0.99996
0.99996
0.99996
0.99996
0.99996
0.99996
0.99996
0.99996
0.99996
0.99996
0.99996
0.99996
0.99996
0.99996
0.99996
0.99996
0.99996
0.99996
0.99996
0.99996
0.99996
0.99996
0.99996
0.99996
0.99996
0.99996
0.99996
0.99996
0.99996
0.99996
0.99996
0.99996
0.99996
0.99996
0.99996
0.99996
0.99996
0.99996
0.99996
0.99996
0.99996
0.99996
0.99996
0.99996
0.99996
0.99996
0.99996
0.99996
0.99996
0.99996
0.99996
0.99996
0.99996
0.99996
0.99996
0.99996
0.99996
0.99996
0.99996
0.99996
0.99996
0.99996
0.99996
0.99996
0.99996
0.99996
0.99996
0.99996
0.99996
0.99996
0.99996
0.99996
0.99996
0.99996
0.99996
0.99996
0.99996
0.99996
0.99996
0.99996
0.99996
0.99996
0.99996
0.99996
0.99996
0.99996
0.99996
0.99996
0.99996
0.99996
0.99996
0.99996
0.99996
0.99996
0.99996
0.99996
0.99996
0.99996
0.99996
0.99996
0.99996
0.99996
0.99996
0.99996
0.99996
0.99997
0.99997
0.99997
0.99997
0.99997
0.99997
0.99997
0.99997
0.99997
0.99997
0.99997
0.99997
0.99997
0.99997
0.99997
0.99997
0.99997
0.99997
0.99997
0.99997
0.99997
0.99997
0.99997
0.99997
0.99997
0.99997
0.99997
0.99997
0.99997
0.99997
0.99997
0.99997
0.99997
0.99997
0.99997
0.99997
0.99997
0.99997
0.99997
0.99997
0.99997
0.99997
0.99997
0.99997
0.99997
0.99997
0.99997
0.99997
0.99997
0.99997
0.99997
0.99997
0.99997
0.99997
0.99997
0.99997
0.99997
0.99997
0.99997
0.99997
0.99997
0.99997
0.99997
0.99997
0.99997
0.99997
0.99997
0.99997
0.99997
0.99997
0.99997
0.99997
0.99997
0.99997
0.99997
0.99997
0.99997
0.99997
0.99997
0.99997
0.99997
0.99997
0.99997
0.99997
0.99997
0.99997
0.99997
0.99997
0.99997
0.99997
0.99997
0.99997
0.99997
0.99997
0.99997
0.99997
0.99997
0.99997
0.99997
0.99997
0.99997
0.99997
0.99997
0.99997
0.99997
0.99997
0.99997
0.99997
0.99997
0.99997
0.99997
0.99997
0.99997
0.99997
0.99997
0.99997
0.99997
0.99997
0.99997
0.99997
0.99997
0.99997
0.99997
0.99997
0.99997
0.99997
0.99997
0.99997
0.99997
0.99997
0.99997
0.99997
0.99997
0.99997
0.99997
0.99997
0.99997
0.99997
0.99997
0.99997
0.99997
0.99997
0.99997
0.99997
0.99997
0.99997
0.99997
0.99997
0.99997
0.99997
0.99997
0.99997
0.99997
0.99997
0.99997
0.99997
0.99997
0.99997
0.99997
0.99997
0.99997
0.99997
0.99997
0.99997
0.99997
0.99997
0.99997
0.99997
0.99997
0.99997
0.99997
0.99997
0.99997
0.99997
0.99997
0.99997
0.99997
0.99997
0.99997
0.99997
0.99997
0.99997
0.99997
0.99997
0.99997
0.99997
0.99997
0.99997
0.99997
0.99997
0.99997
0.99997
0.99997
0.99997
0.99997
0.99997
0.99997
0.99997
0.99997
0.99997
0.99997
0.99997
0.99997
0.99997
0.99997
0.99997
0.99997
0.99997
0.99997
0.99997
0.99997
0.99997
0.99997
0.99997
0.99997
0.99997
0.99997
0.99997
0.99997
0.99997
0.99997
0.99997
0.99997
0.99997
0.99997
0.99997
0.99997
0.99997
0.99997
0.99997
0.99997
0.99997
0.99997
0.99997
0.99997
0.99997
0.99997
0.99997
0.99997
0.99997
0.99997
0.99997
0.99997
0.99997
0.99997
0.99997
0.99997
0.99997
0.99997
0.99997
0.99997
0.99997
0.99997
0.99997
0.99997
0.99997
0.99997
0.99997
0.99997
0.99997
0.99997
0.99997
0.99997
0.99997
0.99997
0.99997
0.99997
0.99997
0.99997
0.99997
0.99997
0.99997
0.99997
0.99997
0.99997
0.99997
0.99997
0.99997
0.99997
0.99997
0.99997
0.99997
0.99997
0.99997
0.99997
0.99997
0.99997
0.99997
0.99997
0.99997
0.99997
0.99997
0.99997
0.99997
0.99997
0.99997
0.99997
0.99997
0.99997
0.99997
0.99997
0.99997
0.99997
0.99997
0.99997
0.99997
0.99997
0.99997
0.99997
0.99997
0.99997
0.99997
0.99997
0.99997
0.99997
0.99997
0.99997
0.99997
0.99997
0.99997
0.99997
0.99997
0.99997
0.99997
0.99997
0.99997
0.99997
0.99997
0.99997
0.99997
0.99997
0.99997
0.99997
0.99997
0.99997
0.99997
0.99997
0.99997
0.99998
0.99998
0.99998
0.99998
0.99998
0.99998
0.99998
0.99998
0.99998
0.99998
0.99998
0.99998
0.99998
0.99998
0.99998
0.99998
0.99998
0.99998
0.99998
0.99998
0.99998
0.99998
0.99998
0.99998
0.99998
0.99998
0.99998
0.99998
0.99998
0.99998
0.99998
0.99998
0.99998
0.99998
0.99998
0.99998
0.99998
0.99998
0.99998
0.99998
0.99998
0.99998
0.99998
0.99998
0.99998
0.99998
0.99998
0.99998
0.99998
0.99998
0.99998
0.99998
0.99998
0.99998
0.99998
0.99998
0.99998
0.99998
0.99998
0.99998
0.99998
0.99998
0.99998
0.99998
0.99998
0.99998
0.99998
0.99998
0.99998
0.99998
0.99998
0.99998
0.99998
0.99998
0.99998
0.99998
0.99998
0.99998
0.99998
0.99998
0.99998
0.99998
0.99998
0.99998
0.99998
0.99998
0.99998
0.99998
0.99998
0.99998
0.99998
0.99998
0.99998
0.99998
0.99998
0.99998
0.99998
0.99998
0.99998
0.99998
0.99998
0.99998
0.99998
0.99998
0.99998
0.99998
0.99998
0.99998
0.99998
0.99998
0.99998
0.99998
0.99998
0.99998
0.99998
0.99998
0.99998
0.99998
0.99998
0.99998
0.99998
0.99998
0.99998
0.99998
0.99998
0.99998
0.99998
0.99998
0.99998
0.99998
0.99998
0.99998
0.99998
0.99998
0.99998
0.99998
0.99998
0.99998
0.99998
0.99998
0.99998
0.99998
0.99998
0.99998
0.99998
0.99998
0.99998
0.99998
0.99998
0.99998
0.99998
0.99998
0.99998
0.99998
0.99998
0.99998
0.99998
0.99998
0.99998
0.99998
0.99998
0.99998
0.99998
0.99998
0.99998
0.99998
0.99998
0.99998
0.99998
0.99998
0.99998
0.99998
0.99998
0.99998
0.99998
0.99998
0.99998
0.99998
0.99998
0.99998
0.99998
0.99998
0.99998
0.99998
0.99998
0.99998
0.99998
0.99998
0.99998
0.99998
0.99998
0.99998
0.99998
0.99998
0.99998
0.99998
0.99998
0.99998
0.99998
0.99998
0.99998
0.99998
0.99998
0.99998
0.99998
0.99998
0.99998
0.99998
0.99998
0.99998
0.99998
0.99998
0.99998
0.99998
0.99998
0.99998
0.99998
0.99998
0.99998
0.99998
0.99998
0.99998
0.99998
0.99998
0.99998
0.99998
0.99998
0.99998
0.99998
0.99998
0.99998
0.99998
0.99998
0.99998
0.99998
0.99998
0.99998
0.99998
0.99998
0.99998
0.99998
0.99998
0.99998
0.99998
0.99998
0.99998
0.99998
0.99998
0.99998
0.99998
0.99998
0.99998
0.99998
0.99998
0.99998
0.99998
0.99998
0.99998
0.99998
0.99998
0.99998
0.99998
0.99998
0.99998
0.99998
0.99998
0.99998
0.99998
0.99998
0.99998
0.99998
0.99998
0.99998
0.99998
0.99998
0.99998
0.99998
0.99998
0.99998
0.99998
0.99998
0.99998
0.99998
0.99998
0.99998
0.99998
0.99998
0.99998
0.99998
0.99998
0.99998
0.99998
0.99998
0.99998
0.99998
0.99998
0.99998
0.99998
0.99998
0.99998
0.99998
0.99998
0.99998
0.99998
0.99998
0.99998
0.99998
0.99998
0.99998
0.99998
0.99998
0.99998
0.99998
0.99998
0.99998
0.99998
0.99998
0.99998
0.99998
0.99998
0.99998
0.99998
0.99998
0.99998
0.99998
0.99998
0.99998
0.99998
0.99998
0.99998
0.99998
0.99998
0.99998
0.99998
0.99998
0.99998
0.99998
0.99998
0.99998
0.99998
0.99998
0.99998
0.99998
0.99998
0.99998
0.99998
0.99998
0.99998
0.99998
0.99998
0.99998
0.99998
0.99998
0.99998
0.99998
0.99998
0.99998
0.99998
0.99998
0.99998
0.99998
0.99998
0.99998
0.99998
0.99998
0.99998
0.99998
0.99998
0.99998
0.99998
0.99998
0.99998
0.99998
0.99998
0.99998
0.99998
0.99998
0.99998
0.99998
0.99998
0.99998
0.99998
0.99998
0.99998
0.99998
0.99998
0.99998
0.99998
0.99998
0.99998
0.99998
0.99998
0.99998
0.99998
0.99998
0.99998
0.99998
0.99998
0.99998
0.99998
0.99998
0.99998
0.99998
0.99998
0.99998
0.99998
0.99998
0.99998
0.99998
0.99998
0.99998
0.99998
0.99998
0.99998
0.99998
0.99998
0.99998
0.99998
0.99998
0.99998
0.99998
0.99998
0.99998
0.99998
0.99998
0.99998
0.99998
0.99998
0.99998
0.99998
0.99998
0.99998
0.99998
0.99998
0.99998
0.99998
0.99998
0.99998
0.99998
0.99998
0.99998
0.99998
0.99998
0.99998
0.99998
0.99998
0.99998
0.99998
0.99998
0.99998
0.99998
0.99998
0.99998
0.99998
0.99998
0.99998
0.99998
0.99998
0.99998
0.99998
0.99998
0.99998
0.99998
0.99998
0.99998
0.99998
0.99998
0.99998
0.99998
0.99998
0.99998
0.99998
0.99998
0.99998
0.99998
0.99998
0.99998
0.99998
0.99998
0.99998
0.99998
0.99998
0.99998
0.99999
0.99999
0.99999
0.99999
0.99999
0.99999
0.99999
0.99999
0.99999
0.99999
0.99999
0.99999
0.99999
0.99999
0.99999
0.99999
0.99999
0.99999
0.99999
0.99999
0.99999
0.99999
0.99999
0.99999
0.99999
0.99999
0.99999
0.99999
0.99999
0.99999
0.99999
0.99999
0.99999
0.99999
0.99999
0.99999
0.99999
0.99999
0.99999
0.99999
0.99999
0.99999
0.99999
0.99999
0.99999
0.99999
0.99999
0.99999
0.99999
0.99999
0.99999
0.99999
0.99999
0.99999
0.99999
0.99999
0.99999
0.99999
0.99999
0.99999
0.99999
0.99999
0.99999
0.99999
0.99999
0.99999
0.99999
0.99999
0.99999
0.99999
0.99999
0.99999
0.99999
0.99999
0.99999
0.99999
0.99999
0.99999
0.99999
0.99999
0.99999
0.99999
0.99999
0.99999
0.99999
0.99999
0.99999
0.99999
0.99999
0.99999
0.99999
0.99999
0.99999
0.99999
0.99999
0.99999
0.99999
0.99999
0.99999
0.99999
0.99999
0.99999
0.99999
0.99999
0.99999
0.99999
0.99999
0.99999
0.99999
0.99999
0.99999
0.99999
0.99999
0.99999
0.99999
0.99999
0.99999
0.99999
0.99999
0.99999
0.99999
0.99999
0.99999
0.99999
0.99999
0.99999
0.99999
0.99999
0.99999
0.99999
0.99999
0.99999
0.99999
0.99999
0.99999
0.99999
0.99999
0.99999
0.99999
0.99999
0.99999
0.99999
0.99999
0.99999
0.99999
0.99999
0.99999
0.99999
0.99999
0.99999
0.99999
0.99999
0.99999
0.99999
0.99999
0.99999
0.99999
0.99999
0.99999
0.99999
0.99999
0.99999
0.99999
0.99999
0.99999
0.99999
0.99999
0.99999
0.99999
0.99999
0.99999
0.99999
0.99999
0.99999
0.99999
0.99999
0.99999
0.99999
0.99999
0.99999
0.99999
0.99999
0.99999
0.99999
0.99999
0.99999
0.99999
0.99999
0.99999
0.99999
0.99999
0.99999
0.99999
0.99999
0.99999
0.99999
0.99999
0.99999
0.99999
0.99999
0.99999
0.99999
0.99999
0.99999
0.99999
0.99999
0.99999
0.99999
0.99999
0.99999
0.99999
0.99999
0.99999
0.99999
0.99999
0.99999
0.99999
0.99999
0.99999
0.99999
0.99999
0.99999
0.99999
0.99999
0.99999
0.99999
0.99999
0.99999
0.99999
0.99999
0.99999
0.99999
0.99999
0.99999
0.99999
0.99999
0.99999
0.99999
0.99999
0.99999
0.99999
0.99999
0.99999
0.99999
0.99999
0.99999
0.99999
0.99999
0.99999
0.99999
0.99999
0.99999
0.99999
0.99999
0.99999
0.99999
0.99999
0.99999
0.99999
0.99999
0.99999
0.99999
0.99999
0.99999
0.99999
0.99999
0.99999
0.99999
0.99999
0.99999
0.99999
0.99999
0.99999
0.99999
0.99999
0.99999
0.99999
0.99999
0.99999
0.99999
0.99999
0.99999
0.99999
0.99999
0.99999
0.99999
0.99999
0.99999
0.99999
0.99999
0.99999
0.99999
0.99999
0.99999
0.99999
0.99999
0.99999
0.99999
0.99999
0.99999
0.99999
0.99999
0.99999
0.99999
0.99999
0.99999
0.99999
0.99999
0.99999
0.99999
0.99999
0.99999
0.99999
0.99999
0.99999
0.99999
0.99999
0.99999
0.99999
0.99999
0.99999
0.99999
0.99999
0.99999
0.99999
0.99999
0.99999
0.99999
0.99999
0.99999
0.99999
0.99999
0.99999
0.99999
0.99999
0.99999
0.99999
0.99999
0.99999
0.99999
0.99999
0.99999
0.99999
0.99999
0.99999
0.99999
0.99999
0.99999
0.99999
0.99999
0.99999
0.99999
0.99999
0.99999
0.99999
0.99999
0.99999
0.99999
0.99999
0.99999
0.99999
0.99999
0.99999
0.99999
0.99999
0.99999
0.99999
0.99999
0.99999
0.99999
0.99999
0.99999
0.99999
0.99999
0.99999
0.99999
0.99999
0.99999
0.99999
0.99999
0.99999
0.99999
0.99999
0.99999
0.99999
0.99999
0.99999
0.99999
0.99999
0.99999
0.99999
0.99999
0.99999
0.99999
0.99999
0.99999
0.99999
0.99999
0.99999
0.99999
0.99999
0.99999
0.99999
0.99999
0.99999
0.99999
0.99999
0.99999
0.99999
0.99999
0.99999
0.99999
0.99999
0.99999
0.99999
0.99999
0.99999
0.99999
0.99999
0.99999
0.99999
0.99999
0.99999
0.99999
0.99999
0.99999
0.99999
0.99999
0.99999
0.99999
0.99999
0.99999
0.99999
0.99999
0.99999
0.99999
0.99999
0.99999
0.99999
0.99999
0.99999
0.99999
0.99999
0.99999
0.99999
0.99999
0.99999
0.99999
0.99999
0.99999
0.99999
0.99999
0.99999
0.99999
0.99999
0.99999
0.99999
0.99999
0.99999
0.99999
0.99999
0.99999
0.99999
0.99999
0.99999
0.99999
0.99999
0.99999
0.99999
0.99999
0.99999
0.99999
0.99999
0.99999
0.99999
0.99999
0.99999
0.99999
0.99999
0.99999
0.99999
0.99999
0.99999
0.99999
0.99999
0.99999
0.99999
0.99999
0.99999
0.99999
0.99999
0.99999
0.99999
0.99999
0.99999
0.99999
0.99999
0.99999
0.99999
0.99999
0.99999
0.99999
0.99999
0.99999
0.99999
0.99999
0.99999
0.99999
0.99999
0.99999
0.99999
0.99999
0.99999
0.99999
0.99999
0.99999
0.99999
0.99999
0.99999
0.99999
0.99999
0.99999
0.99999
0.99999
0.99999
0.99999
0.99999
0.99999
0.99999
0.99999
0.99999
0.99999
0.99999
0.99999
0.99999
0.99999
0.99999
0.99999
0.99999
0.99999
0.99999
0.99999
0.99999
0.99999
0.99999
0.99999
0.99999
0.99999
0.99999
0.99999
0.99999
0.99999
0.99999
0.99999
0.99999
0.99999
0.99999
0.99999
0.99999
0.99999
0.99999
0.99999
0.99999
0.99999
0.99999
0.99999
0.99999
0.99999
0.99999
0.99999
0.99999
0.99999
0.99999
0.99999
0.99999
0.99999
0.99999
0.99999
0.99999
0.99999
0.99999
0.99999
0.99999
0.99999
0.99999
0.99999
0.99999
0.99999
0.99999
0.99999
0.99999
0.99999
0.99999
0.99999
0.99999
0.99999
0.99999
0.99999
0.99999
0.99999
0.99999
0.99999
0.99999
0.99999
0.99999
0.99999
0.99999
0.99999
0.99999
0.99999
0.99999
0.99999
0.99999
0.99999
0.99999
0.99999
0.99999
0.99999
0.99999
0.99999
0.99999
0.99999
0.99999
0.99999
0.99999
0.99999
0.99999
0.99999
0.99999
0.99999
0.99999
0.99999
0.99999
0.99999
0.99999
0.99999
0.99999
0.99999
0.99999
0.99999
0.99999
0.99999
0.99999
0.99999
0.99999
0.99999
0.99999
0.99999
0.99999
0.99999
0.99999
0.99999
0.99999
0.99999
0.99999
0.99999
0.99999
0.99999
0.99999
0.99999
0.99999
0.99999
0.99999
0.99999
0.99999
0.99999
0.99999
0.99999
0.99999
0.99999
0.99999
0.99999
0.99999
0.99999
0.99999
0.99999
0.99999
0.99999
0.99999
0.99999
0.99999
0.99999
0.99999
0.99999
0.99999
0.99999
